-3.035599999999999632e+00
1.405399999999999983e+00
2.051999999999999935e-01
3.408400000000002095e+00
2.965800000000001546e+00
2.838600000000001344e+00
4.078200000000003378e+00
4.526200000000004664e+00
3.457800000000002427e+00
6.251999999999999780e-01
2.185599999999999987e+00
2.628200000000000536e+00
1.897799999999999931e+00
1.897799999999999931e+00
9.089999999999992530e-02
-4.380000000000000560e-02
2.271999999999999575e-01
5.186999999999999389e-01
5.952999999999999403e-01
-4.322999999999999621e-01
1.889199999999999990e+00
1.603399999999999936e+00
1.385000000000000675e-01
2.285700000000000287e+00
3.456000000000002181e+00
5.844000000000000306e-01
9.445999999999999952e-01
8.004999999999999893e-01
1.903219999999999690e+00
1.841400000000000148e+00
2.099040000000000017e+00
2.099040000000000017e+00
1.296040000000000081e+00
1.296040000000000081e+00
6.460400000000002807e-01
2.567540000000001044e+00
3.462999999999999967e-01
1.241599999999999815e+00
1.482199999999999962e+00
1.431599999999999762e+00
1.790620000000000100e+00
9.876199999999999424e-01
9.876199999999999424e-01
9.876199999999999424e-01
1.227700000000000014e+00
2.259120000000000239e+00
2.259120000000000239e+00
2.895100000000001117e+00
5.544999999999999929e-01
6.792000000000000259e-01
1.284200000000000008e+00
1.284200000000000008e+00
1.217300000000000049e+00
1.345699999999999896e+00
7.207000000000000073e-01
1.950700000000000101e+00
3.098400000000001597e+00
1.190600000000000103e+00
-4.432999999999996388e-01
4.374200000000003641e+00
-5.802000000000000490e-01
-5.817999999999998728e-01
8.190000000000074998e-02
1.541600000000000081e+00
1.647000000000000131e-01
1.611599999999999921e+00
1.515700000000000047e+00
2.429000000000000270e+00
3.466200000000002390e+00
4.246400000000003949e+00
3.076100000000002055e+00
3.856300000000003614e+00
3.174999999999999489e-01
3.856300000000003614e+00
2.137900000000000134e+00
2.739800000000001567e+00
2.151799999999999713e+00
1.622400000000000064e+00
2.686000000000000831e+00
1.102200000000000069e+00
2.183600000000000207e+00
1.535400000000000098e+00
2.831800000000001205e+00
3.466200000000002390e+00
3.076100000000002055e+00
1.794599999999999973e+00
1.958299999999999930e+00
1.125599999999999934e+00
2.963800000000001766e+00
2.315599999999999881e+00
1.847899999999999876e+00
2.091600000000000126e+00
1.275199999999999889e+00
1.842200000000000060e+00
1.681799999999999962e+00
3.178000000000001712e+00
4.022400000000002862e+00
1.905799999999999939e+00
1.761700000000000044e+00
4.408000000000003915e+00
4.780600000000004179e+00
4.780600000000004179e+00
3.283900000000001818e+00
4.017900000000003580e+00
-1.900999999999997692e-01
1.279099999999999904e+00
1.739700000000000024e+00
1.595600000000000129e+00
1.554799999999999960e+00
1.168900000000000050e+00
1.024799999999999933e+00
2.686000000000000831e+00
2.541900000000000936e+00
2.615800000000000125e+00
3.033600000000001629e+00
2.889500000000001734e+00
2.519900000000000695e+00
2.375800000000000800e+00
2.375800000000000800e+00
2.231700000000000017e+00
3.849200000000003286e+00
4.269200000000004103e+00
3.433200000000002028e+00
3.289100000000002133e+00
4.211800000000002875e+00
3.642600000000002947e+00
3.823300000000003251e+00
5.239600000000005586e+00
4.860500000000004484e+00
4.716400000000004589e+00
1.349599999999999911e+00
1.205500000000000016e+00
2.626600000000000712e+00
3.690200000000002589e+00
3.546100000000002694e+00
3.300100000000002254e+00
3.156000000000001471e+00
1.100600000000000023e+00
9.564999999999999059e-01
5.640700000000006042e+00
5.496600000000005259e+00
2.106400000000000272e+00
1.962300000000000377e+00
2.765900000000001135e+00
2.621800000000001241e+00
2.472900000000000098e+00
4.470400000000004148e+00
4.326300000000004253e+00
4.080300000000003813e+00
3.936200000000003030e+00
2.962500000000001243e+00
2.818400000000001349e+00
2.129800000000000360e+00
1.985700000000000021e+00
2.372500000000000497e+00
1.164700000000000069e+00
2.739200000000001634e+00
2.595100000000001739e+00
2.541900000000000936e+00
4.882500000000004725e+00
2.910000000000001030e+00
2.765900000000001135e+00
2.765900000000001135e+00
2.621800000000001241e+00
2.728300000000000836e+00
8.370999999999999552e-01
1.897799999999999931e+00
1.507699999999999818e+00
1.507699999999999818e+00
1.393399999999999972e+00
1.695200000000000040e+00
1.436599999999999877e+00
1.758299999999999974e+00
1.187499999999999778e+00
2.538500000000000867e+00
1.368199999999999861e+00
1.826699999999999990e+00
2.981100000000001415e+00
2.148399999999999643e+00
7.026000000000001133e-01
2.733900000000001107e+00
1.608600000000000030e+00
1.400800000000000045e+00
1.499099999999999877e+00
2.758200000000001317e+00
1.977999999999999980e+00
9.387000000000000899e-01
2.120499999999999829e+00
2.245300000000000296e+00
1.384800000000000031e+00
2.602900000000000880e+00
2.296299999999999564e+00
1.848400000000000043e+00
1.749699999999999811e+00
1.708900000000000086e+00
2.208199999999999719e+00
1.178900000000000059e+00
3.043600000000001415e+00
2.529900000000000482e+00
2.385800000000000587e+00
3.443200000000001815e+00
2.305900000000000283e+00
4.768200000000003769e+00
2.223100000000000520e+00
4.002700000000002589e+00
4.307300000000003237e+00
1.359599999999999920e+00
3.700200000000002376e+00
3.624500000000002942e+00
3.310100000000002041e+00
1.110599999999999810e+00
5.650700000000004941e+00
2.116399999999999615e+00
1.833000000000000185e+00
2.549600000000000755e+00
3.086100000000001842e+00
4.480400000000003935e+00
4.090300000000003600e+00
2.972500000000001030e+00
2.775900000000000922e+00
2.139800000000000146e+00
2.749200000000001420e+00
2.289400000000000546e+00
2.696000000000000618e+00
2.920000000000001705e+00
2.775900000000000922e+00
2.288800000000000168e+00
2.678900000000000503e+00
2.631900000000000794e+00
1.526699999999999946e+00
5.179500000000004434e+00
5.035400000000004539e+00
5.035400000000004539e+00
4.230200000000003513e+00
4.230200000000003513e+00
4.230200000000003513e+00
1.080899999999999972e+00
2.193500000000000227e+00
2.193500000000000227e+00
2.193500000000000227e+00
2.193500000000000227e+00
2.764300000000001312e+00
2.764300000000001312e+00
2.764300000000001312e+00
3.544500000000002871e+00
3.400400000000002088e+00
3.400400000000002088e+00
2.374200000000000976e+00
2.847600000000001685e+00
3.154400000000001647e+00
3.934600000000003206e+00
3.790500000000003311e+00
4.270900000000003693e+00
2.953700000000001324e+00
1.869019999999999904e+00
2.700100000000000833e+00
1.624600000000000044e+00
1.624599999999999822e+00
1.626199999999999868e+00
1.622999999999999776e+00
7.771999999999998909e-01
6.471000000000000085e-01
1.349600000000000133e+00
1.205500000000000016e+00
1.347999999999999865e+00
1.308799999999999963e+00
7.787999999999999368e-01
6.347000000000000419e-01
6.011000000000000787e-01
2.295900000000000496e+00
2.225700000000000234e+00
2.081599999999999895e+00
2.643500000000001293e+00
2.499400000000000510e+00
2.636100000000000776e+00
3.003300000000002079e+00
2.321800000000000530e+00
1.761700000000000044e+00
2.129800000000000360e+00
1.985700000000000021e+00
1.985700000000000021e+00
1.841600000000000126e+00
2.061500000000000110e+00
3.459100000000002062e+00
3.043100000000001693e+00
2.899000000000001798e+00
2.998120000000001006e+00
3.451300000000001589e+00
4.326300000000003365e+00
4.246400000000003949e+00
2.954800000000001425e+00
3.968000000000002636e+00
1.821400000000000130e+00
3.653100000000002900e+00
9.595000000000000195e-01
8.154000000000000137e-01
2.622200000000001197e+00
2.411400000000000432e+00
3.300100000000002254e+00
3.156000000000001471e+00
2.910000000000001030e+00
2.765900000000001135e+00
7.104999999999999094e-01
5.664000000000000146e-01
5.250600000000004819e+00
1.698900000000000077e+00
1.716299999999999937e+00
1.572200000000000042e+00
1.683699999999999974e+00
1.998699999999999921e+00
2.541100000000001025e+00
3.010900000000001242e+00
2.375800000000000800e+00
2.231700000000000017e+00
1.765600000000000058e+00
1.621499999999999941e+00
2.127620000000000289e+00
1.983519999999999950e+00
2.794120000000001269e+00
4.018700000000003492e+00
4.080300000000003813e+00
3.690200000000002589e+00
3.546100000000002694e+00
7.367200000000008409e+00
2.572400000000000908e+00
2.428300000000000125e+00
3.088300000000001155e+00
1.739700000000000024e+00
1.595600000000000129e+00
1.675100000000000033e+00
1.774100000000000010e+00
2.424200000000000799e+00
2.280100000000000016e+00
2.349100000000001298e+00
2.205000000000000515e+00
7.591200000000008608e+00
2.485700000000000465e+00
2.341600000000000570e+00
2.656600000000000961e+00
1.889299999999999979e+00
1.887699999999999934e+00
3.090800000000001546e+00
3.090700000000001779e+00
4.636500000000004285e+00
4.492400000000003502e+00
2.519900000000000695e+00
2.375800000000000800e+00
2.375800000000000800e+00
2.231700000000000017e+00
2.998000000000001108e+00
9.854000000000000536e-01
8.412999999999999368e-01
8.710999999999999854e-01
7.269999999999999796e-01
5.009999999999997788e-02
1.516599999999999948e+00
3.234000000000000208e-01
2.669400000000001327e+00
2.262400000000000411e+00
4.516900000000004134e+00
3.775900000000002699e+00
2.998700000000001253e+00
2.998700000000001253e+00
2.930400000000001448e+00
2.932000000000001272e+00
2.361200000000000188e+00
2.567800000000000971e+00
2.401700000000000834e+00
2.401700000000000834e+00
2.401700000000000834e+00
8.004999999999999893e-01
7.637000000000000455e-01
8.004999999999999893e-01
2.998700000000001253e+00
2.824020000000001307e+00
3.127020000000001687e+00
2.279700000000000060e+00
2.503700000000000259e+00
2.487900000000000666e+00
2.487900000000000666e+00
1.699100000000000055e+00
1.699100000000000055e+00
2.850500000000001144e+00
3.240600000000002368e+00
4.725200000000004508e+00
4.725200000000004508e+00
3.753900000000002457e+00
4.324700000000003541e+00
3.934600000000003206e+00
3.936400000000003452e+00
2.107099999999999973e+00
4.415000000000003588e+00
3.385800000000002363e+00
3.609800000000003006e+00
4.180600000000003647e+00
2.711900000000000865e+00
2.120700000000000252e+00
1.936919999999999975e+00
1.761700000000000044e+00
2.222420000000000506e+00
7.936199999999998811e-01
1.875499999999999945e+00
2.744100000000001316e+00
2.744100000000001316e+00
1.898700000000000054e+00
1.898700000000000054e+00
3.098900000000001320e+00
2.318700000000000649e+00
2.072700000000000209e+00
2.461200000000000720e+00
1.784399999999999986e+00
1.881799999999999917e+00
2.262900000000000134e+00
1.692099999999999937e+00
1.692099999999999937e+00
3.556800000000002626e+00
3.043100000000001693e+00
2.899000000000001798e+00
3.956400000000003025e+00
1.872800000000000020e+00
3.823300000000002363e+00
3.485700000000002241e+00
2.653000000000001357e+00
3.209200000000001829e+00
3.289100000000002133e+00
2.401700000000000834e+00
2.878000000000001002e+00
2.878000000000001002e+00
2.878000000000001002e+00
4.078200000000003378e+00
3.298000000000001819e+00
3.440500000000001890e+00
-1.248499999999999499e+00
2.957900000000001306e+00
2.957900000000001306e+00
2.751300000000000967e+00
2.751300000000000967e+00
3.322100000000002495e+00
4.128200000000004088e+00
4.198200000000002596e+00
4.616000000000004100e+00
4.102300000000004054e+00
3.958200000000003271e+00
2.932000000000001272e+00
4.882500000000004725e+00
2.974500000000000810e+00
4.544900000000003715e+00
3.712200000000002831e+00
4.268400000000003303e+00
4.268400000000004191e+00
4.492400000000004390e+00
4.348300000000003607e+00
5.586700000000005772e+00
2.288800000000000168e+00
3.315000000000002167e+00
2.924900000000000944e+00
1.975099999999999634e+00
1.655839999999999979e+00
1.655839999999999979e+00
2.632000000000001450e+00
3.954200000000002824e+00
9.445999999999999952e-01
3.643000000000000682e-01
1.347419999999999840e+00
2.647700000000001275e+00
1.612900000000000000e+00
2.113600000000000367e+00
3.256900000000001683e+00
2.438400000000000567e+00
1.700619999999999798e+00
1.920320000000000027e+00
1.920320000000000027e+00
1.920320000000000027e+00
2.556420000000001025e+00
2.556420000000001025e+00
2.700520000000000920e+00
4.260920000000003149e+00
1.529819999999999958e+00
5.821320000000005379e+00
3.143120000000001468e+00
2.919820000000001858e+00
2.946520000000001360e+00
4.270900000000003693e+00
2.551400000000001000e+00
2.622500000000001386e+00
2.941500000000001336e+00
2.873100000000001764e+00
2.302300000000000679e+00
3.502500000000002167e+00
2.711900000000000865e+00
3.102000000000002089e+00
4.847400000000004816e+00
6.985999999999999988e-01
1.311399999999999899e+00
2.719800000000001106e+00
1.295599999999999863e+00
1.882199999999999873e+00
2.041400000000000325e+00
2.758300000000001084e+00
3.176100000000001700e+00
2.662400000000000766e+00
1.651299999999999990e+00
3.575700000000002099e+00
2.519900000000000695e+00
1.949100000000000055e+00
1.492099999999999982e+00
3.442600000000002325e+00
2.599400000000001043e+00
2.272300000000000431e+00
3.052500000000001990e+00
2.908400000000001207e+00
3.677200000000001801e+00
2.545800000000000729e+00
1.858799999999999786e+00
5.544999999999999929e-01
1.966599999999999904e+00
1.181300000000000017e+00
1.576500000000000012e+00
3.118420000000001302e+00
3.218600000000001238e+00
3.434200000000002362e+00
3.514100000000002666e+00
3.514100000000002666e+00
3.658200000000002561e+00
3.658200000000002561e+00
3.370000000000001883e+00
2.878000000000001002e+00
2.671400000000001551e+00
2.662400000000000766e+00
2.519900000000000695e+00
2.662400000000000766e+00
2.662400000000000766e+00
2.662400000000000766e+00
3.326000000000002288e+00
3.181900000000001505e+00
4.526200000000003776e+00
3.746000000000003105e+00
3.888500000000003176e+00
3.211700000000001332e+00
2.390699999999999825e+00
3.119400000000001949e+00
3.117800000000001681e+00
3.326000000000002288e+00
3.326000000000002288e+00
2.654000000000000803e+00
3.102000000000001201e+00
3.102000000000002089e+00
3.102000000000002089e+00
3.102000000000001201e+00
2.671400000000001551e+00
3.102000000000001201e+00
2.987700000000001133e+00
2.987700000000000244e+00
2.987700000000000244e+00
2.895400000000001750e+00
2.895400000000001750e+00
2.895400000000001750e+00
2.893800000000001482e+00
3.102000000000001201e+00
5.650100000000004563e+00
3.466200000000002390e+00
3.466200000000002390e+00
4.438400000000003232e+00
3.690200000000002589e+00
4.470400000000004148e+00
4.080300000000002925e+00
2.116999999999999993e+00
2.686200000000001253e+00
1.644000000000001016e-01
5.111999999999998767e-01
4.036200000000001786e+00
3.388000000000001677e+00
3.403400000000002201e+00
3.040900000000001491e+00
3.442600000000002325e+00
4.793800000000004502e+00
3.319800000000001639e+00
5.033200000000004337e+00
2.407600000000000406e+00
-1.364000000000002988e-01
6.687999999999999501e-01
5.027000000000000357e-01
1.909820000000000073e+00
1.909819999999999851e+00
3.233400000000002272e+00
8.927999999999999270e-01
-1.165600000000000414e+00
2.354000000000000092e+00
2.267900000000000027e+00
3.055800000000001404e+00
2.589400000000000368e+00
3.306000000000001826e+00
6.388400000000006962e+00
2.438400000000000567e+00
2.647700000000001275e+00
2.359600000000000364e+00
2.567800000000000971e+00
2.567800000000000971e+00
2.930400000000001448e+00
3.402000000000001911e+00
1.538200000000000012e+00
2.353299999999999947e+00
3.674000000000003041e+00
3.738100000000002865e+00
3.738100000000002865e+00
3.882200000000003648e+00
3.246100000000001984e+00
3.052500000000001990e+00
2.813800000000001411e+00
2.893800000000001482e+00
2.749700000000000699e+00
2.749700000000001143e+00
2.583600000000000563e+00
3.154400000000001647e+00
-1.459900000000000198e+00
1.800000000000000488e-01
9.102999999999998870e-01
7.959999999999998188e-01
1.031999999999999584e-01
2.853500000000001258e+00
2.536400000000000432e+00
3.832800000000003315e+00
1.409399999999999764e+00
2.346799999999999997e+00
2.052400000000000002e+00
2.506040000000000489e+00
2.312040000000000539e+00
2.933500000000001329e+00
1.514899999999999913e+00
2.115940000000000154e+00
3.049640000000001017e+00
1.913999999999999924e+00
3.120900000000001562e+00
2.000000000000000000e+00
2.570800000000001084e+00
3.351000000000001755e+00
3.127000000000001556e+00
2.180699999999999861e+00
1.627399999999999958e+00
1.853839999999999932e+00
2.318700000000000649e+00
1.896439999999999904e+00
2.185140000000000526e+00
2.535040000000000404e+00
2.439500000000000668e+00
1.703799999999999981e+00
1.703799999999999981e+00
1.703799999999999981e+00
3.059900000000002063e+00
3.037800000000001610e+00
2.831200000000002159e+00
2.973700000000001786e+00
2.445800000000000196e+00
2.843600000000000350e+00
1.673300000000000010e+00
2.454200000000000159e+00
2.243940000000000268e+00
1.093439999999999968e+00
1.093439999999999968e+00
1.093439999999999745e+00
2.246640000000000192e+00
3.028120000000001255e+00
1.125999999999998114e-01
9.791999999999999593e-01
-5.299999999999971401e-03
2.923800000000000843e+00
1.759940000000000060e+00
1.759939999999999838e+00
1.759940000000000060e+00
3.561240000000002404e+00
2.364940000000000708e+00
2.209240000000000315e+00
2.275599999999999845e+00
2.806600000000001316e+00
2.402940000000000076e+00
2.453500000000000902e+00
3.308900000000002173e+00
4.486000000000002430e+00
3.277400000000001867e+00
3.478900000000001214e+00
3.187800000000001965e+00
2.539600000000000968e+00
3.836000000000002963e+00
1.712399999999999922e+00
1.466399999999999926e+00
2.407000000000001805e+00
3.658200000000002561e+00
3.658200000000002561e+00
3.300100000000002254e+00
3.442600000000002325e+00
3.442600000000002325e+00
3.442600000000002325e+00
4.106200000000002959e+00
4.526200000000003776e+00
3.899600000000003508e+00
4.106200000000003847e+00
3.882200000000002760e+00
3.882200000000002760e+00
3.767900000000001803e+00
3.675600000000003309e+00
3.218600000000002126e+00
4.246400000000003949e+00
4.470400000000004148e+00
5.250600000000004819e+00
5.106500000000004924e+00
4.860500000000004484e+00
2.965800000000001546e+00
4.747200000000004749e+00
4.747200000000004749e+00
3.942000000000002835e+00
2.423700000000000188e+00
-1.400000000000012346e-03
1.906399999999999872e+00
1.928699999999999637e+00
9.319999999999999396e-01
1.998699999999999921e+00
1.541799999999999837e+00
5.694000000000000172e-01
5.285999999999999588e-01
2.451600000000000890e+00
1.671399999999999997e+00
2.222100000000000186e+00
1.944899999999999851e+00
1.710599999999999898e+00
-2.634199999999998099e+00
1.871899999999999897e+00
1.871899999999999897e+00
1.445500000000000007e+00
2.061500000000000110e+00
2.154799999999999827e+00
1.863299999999999956e+00
1.822500000000000009e+00
2.818400000000001349e+00
1.761700000000000044e+00
1.985700000000000021e+00
1.621499999999999941e+00
1.349600000000000133e+00
1.205500000000000016e+00
1.507200000000000095e+00
2.262900000000000134e+00
1.125600000000000156e+00
1.125600000000000156e+00
2.910000000000001030e+00
2.129800000000000360e+00
9.445999999999999952e-01
1.571400000000000130e+00
3.242200000000002191e+00
3.690200000000002589e+00
3.466200000000002390e+00
3.466200000000002390e+00
2.830900000000001526e+00
1.853839999999999932e+00
1.655839999999999979e+00
1.164700000000000069e+00
2.295100000000000584e+00
2.081199999999999939e+00
3.127000000000001556e+00
2.973700000000001786e+00
1.793000000000000149e-01
1.842000000000000082e+00
1.153799999999999937e+00
2.466000000000000192e+00
1.456299999999999928e+00
1.775300000000000100e+00
1.963200000000000056e+00
2.519900000000000695e+00
2.711900000000000865e+00
2.295900000000000496e+00
2.129800000000000360e+00
1.308799999999999963e+00
2.195100000000000495e+00
1.905799999999999939e+00
1.905799999999999939e+00
1.905799999999999939e+00
2.765900000000001135e+00
2.182299999999999685e+00
1.100600000000000023e+00
1.100600000000000023e+00
7.104999999999999094e-01
1.880800000000000027e+00
1.880800000000000027e+00
-6.970000000000003970e-02
4.470400000000004148e+00
9.187000000000000721e-01
1.481200000000000072e+00
3.714000000000003077e+00
6.363000000000006651e+00
9.077999999999999403e-01
8.677999999999999048e-01
8.693999999999999506e-01
1.047599999999999865e+00
1.905000000000000027e+00
1.595600000000000129e+00
1.817400000000000126e+00
1.817400000000000126e+00
1.949200000000000044e+00
2.150420000000000442e+00
1.302599999999999980e+00
1.691099999999999826e+00
1.905799999999999939e+00
1.347420000000000062e+00
1.952419999999999822e+00
1.369299999999999962e+00
2.013920000000000154e+00
9.124999999999999778e-01
2.618920000000001025e+00
1.760899999999999910e+00
2.172119999999999607e+00
2.665700000000001069e+00
1.985700000000000021e+00
5.250600000000004819e+00
3.300100000000002254e+00
2.462000000000000632e+00
2.910000000000001030e+00
1.732899999999999885e+00
2.686000000000000831e+00
2.686000000000000831e+00
2.686000000000000831e+00
2.523300000000000765e+00
6.587000000000007738e+00
6.030800000000006378e+00
5.640700000000006042e+00
1.515700000000000047e+00
1.954599999999999893e+00
1.954599999999999893e+00
1.792200000000000015e+00
2.572400000000000908e+00
3.123300000000001297e+00
9.595000000000000195e-01
2.797700000000000742e+00
1.038999999999999924e+00
1.643999999999999906e+00
1.643999999999999906e+00
1.385000000000000675e-01
1.568899999999999739e+00
1.681800000000000184e+00
6.811000000000007937e+00
3.348000000000002530e+00
3.203900000000001747e+00
1.705500000000000016e+00
1.286000000000000032e+00
1.109099999999999975e+00
2.123000000000000220e+00
1.121899999999999897e+00
1.214199999999999946e+00
1.515700000000000047e+00
4.080300000000002925e+00
3.856300000000002726e+00
1.739700000000000024e+00
1.595600000000000129e+00
1.577499999999999902e+00
1.603399999999999936e+00
9.956999999999993634e-01
2.224800000000000555e+00
1.151499999999999968e+00
3.377500000000002167e+00
8.459999999999998632e-01
2.129299999999999748e+00
2.433900000000000396e+00
2.349000000000000199e+00
2.653600000000000847e+00
3.642900000000002692e+00
1.958900000000000086e+00
2.263499999999999623e+00
3.571800000000002306e+00
3.876400000000002954e+00
3.375200000000002198e+00
5.201500000000004675e+00
5.201500000000004675e+00
4.397900000000004361e+00
4.968700000000004557e+00
5.774800000000006150e+00
2.193500000000000227e+00
2.193500000000000671e+00
2.401700000000000834e+00
2.401700000000000834e+00
2.764300000000001312e+00
2.177699999999999747e+00
2.321800000000000530e+00
1.787599999999999856e+00
1.347420000000000062e+00
1.876720000000000166e+00
-2.991999999999999660e-01
8.271999999999999353e-01
2.583600000000001007e+00
1.091099999999999959e+00
9.939999999999993285e-02
1.092099999999999849e+00
1.881799999999999917e+00
2.351200000000000401e+00
1.342700000000000005e+00
1.801200000000000134e+00
7.719000000000000306e-01
2.122900000000000009e+00
1.978799999999999892e+00
1.816100000000000048e+00
1.709399999999999809e+00
1.425999999999999934e+00
2.142599999999999838e+00
3.683300000000002683e+00
1.732799999999999896e+00
2.921200000000001573e+00
2.129400000000000404e+00
2.059299999999999908e+00
1.703000000000000069e+00
2.449400000000000688e+00
2.513000000000000789e+00
2.368900000000000006e+00
2.271900000000000475e+00
9.778000000000000025e-01
3.421940000000001980e+00
1.411100000000000021e+00
1.491700000000000026e+00
3.042600000000001970e+00
3.865100000000002645e+00
2.654600000000001181e+00
3.117800000000002125e+00
3.117800000000002125e+00
2.763700000000000045e+00
2.671400000000001551e+00
2.958440000000001291e+00
3.242200000000002191e+00
3.201400000000002244e+00
4.048300000000002896e+00
4.536100000000003796e+00
4.022400000000003750e+00
3.878300000000002967e+00
3.715600000000002900e+00
2.852100000000000968e+00
5.192700000000005645e+00
4.802600000000004421e+00
6.122800000000006015e+00
4.268400000000004191e+00
5.582800000000005980e+00
4.465000000000004299e+00
3.632300000000002527e+00
4.188500000000003887e+00
4.412500000000004086e+00
4.268400000000003303e+00
4.891300000000004644e+00
-1.313600000000000545e+00
9.942999999999997396e-01
1.774499999999999744e+00
2.384900000000000020e+00
2.245600000000003149e+00
3.204000000000000736e-01
3.316600000000001991e+00
3.291800000000002058e+00
2.647700000000001275e+00
2.295900000000000496e+00
1.620500000000000052e+00
2.843300000000001049e+00
2.010600000000000165e+00
4.869300000000004403e+00
4.725200000000004508e+00
4.490800000000004566e+00
2.048319999999999919e+00
1.909820000000000073e+00
1.227800000000000002e+00
1.478399999999999936e+00
1.936899999999999844e+00
9.075999999999999623e-01
2.114499999999999602e+00
1.707699999999999996e+00
1.501100000000000101e+00
1.492099999999999982e+00
1.492099999999999982e+00
2.155700000000000394e+00
3.106700000000001793e+00
1.534799999999999942e+00
2.718200000000001282e+00
2.575700000000000323e+00
1.690599999999999881e+00
1.334699999999999998e+00
2.041399999999999881e+00
1.949100000000000055e+00
1.947500000000000231e+00
1.947500000000000009e+00
2.155700000000000394e+00
2.155700000000000394e+00
2.155700000000000394e+00
1.931699999999999973e+00
3.131900000000001683e+00
1.931699999999999973e+00
1.817400000000000126e+00
1.725099999999999856e+00
1.725099999999999856e+00
1.725099999999999856e+00
1.723500000000000032e+00
1.931699999999999973e+00
1.931699999999999973e+00
2.295900000000000496e+00
2.295900000000000496e+00
2.519900000000000695e+00
2.518300000000000871e+00
3.813800000000003187e+00
3.300100000000002254e+00
3.156000000000001471e+00
4.213400000000003587e+00
5.640700000000006042e+00
3.298500000000002430e+00
2.129800000000000360e+00
3.792500000000003091e+00
4.470400000000004148e+00
4.080300000000003813e+00
2.886600000000001831e+00
3.546100000000002694e+00
5.250600000000005707e+00
4.860500000000005372e+00
2.910000000000001030e+00
3.546100000000002694e+00
-1.342000000000000304e+00
5.460000000000006182e+00
1.317600000000000104e+00
1.317600000000000104e+00
1.110999999999999988e+00
6.014500000000006175e+00
1.101999999999999869e+00
1.101999999999999869e+00
1.765600000000000058e+00
2.965800000000001546e+00
6.086600000000006894e+00
2.185599999999999987e+00
2.328100000000000058e+00
9.445999999999999952e-01
2.406400000000000983e+00
1.651299999999999990e+00
1.558999999999999941e+00
1.557399999999999896e+00
1.557399999999999896e+00
1.765600000000000058e+00
1.541600000000000081e+00
1.541600000000000081e+00
1.541600000000000081e+00
2.741800000000001347e+00
2.741800000000001347e+00
1.961600000000000010e+00
2.104099999999999859e+00
9.260000000000001563e-02
1.427300000000000013e+00
1.427300000000000013e+00
1.334999999999999964e+00
1.334999999999999964e+00
1.334999999999999964e+00
1.334999999999999964e+00
1.334999999999999964e+00
1.334999999999999964e+00
1.333399999999999919e+00
1.541600000000000081e+00
1.905799999999999939e+00
1.905799999999999939e+00
1.905799999999999939e+00
1.905799999999999939e+00
1.904199999999999893e+00
1.864999999999999991e+00
2.781900000000000261e+00
3.199700000000001765e+00
2.686000000000000831e+00
2.686000000000000831e+00
2.541900000000000936e+00
2.462000000000000632e+00
1.515700000000000047e+00
1.515700000000000047e+00
3.466200000000002390e+00
3.466200000000002390e+00
3.242200000000002191e+00
1.266699999999999937e+00
2.932000000000001272e+00
2.125700000000000145e+00
4.246400000000003949e+00
3.128600000000002268e+00
3.128600000000002268e+00
2.295900000000000496e+00
1.474900000000000100e+00
2.905300000000001770e+00
2.852100000000000968e+00
3.076100000000002055e+00
2.932000000000001272e+00
3.076100000000002055e+00
2.932000000000001272e+00
2.129800000000000360e+00
2.128200000000000536e+00
2.677400000000001334e+00
1.414900000000000047e+00
1.525399999999999867e+00
3.423700000000001964e+00
2.910000000000001030e+00
2.765900000000001135e+00
4.239300000000003621e+00
1.739700000000000024e+00
3.016700000000001936e+00
3.690200000000002589e+00
3.466200000000002390e+00
1.898799999999999821e+00
1.490699999999999914e+00
2.496500000000001496e+00
3.156000000000001471e+00
3.322100000000002495e+00
4.860500000000005372e+00
4.470400000000004148e+00
3.352600000000002467e+00
2.519900000000000695e+00
3.204400000000001469e+00
3.129300000000001969e+00
3.870900000000003338e+00
3.076100000000002055e+00
2.686000000000000831e+00
3.300100000000002254e+00
3.156000000000001471e+00
2.445800000000000196e+00
5.035400000000004539e+00
1.594799999999999995e+00
1.594799999999999995e+00
1.204700000000000104e+00
1.204700000000000104e+00
8.845000000000000639e-01
-4.219999999999995977e-02
2.152700000000000724e+00
3.352900000000002656e+00
2.572700000000001097e+00
1.946099999999999941e+00
1.580699999999999994e+00
5.844000000000000306e-01
1.764199999999999990e+00
9.270000000000000462e-01
2.167899999999999494e+00
3.305900000000002503e+00
3.450000000000001954e+00
3.514100000000002666e+00
3.658200000000002561e+00
3.824300000000002697e+00
2.869400000000001505e+00
4.020800000000003038e+00
3.760100000000003106e+00
3.904200000000003001e+00
2.177699999999999747e+00
2.177699999999999747e+00
2.177699999999999747e+00
2.177699999999999747e+00
2.828500000000000902e+00
2.711900000000000865e+00
3.022100000000001785e+00
3.022100000000001785e+00
3.246100000000001984e+00
3.022100000000001785e+00
5.004600000000004378e+00
5.003000000000004555e+00
-5.482000000000000206e-01
-5.482000000000000206e-01
3.991900000000002002e+00
3.831300000000002814e+00
2.741800000000001347e+00
3.018300000000001759e+00
2.282700000000000173e+00
2.543220000000000702e+00
4.401999999999999802e-01
-3.377200000000000646e+00
1.736420000000000075e+00
1.945099999999999829e+00
1.268100000000000005e+00
2.780200000000001559e+00
3.308900000000002173e+00
3.308900000000002173e+00
2.520100000000001117e+00
2.852100000000000968e+00
2.669800000000001283e+00
2.669800000000001283e+00
2.669800000000001283e+00
1.882599999999999829e+00
1.880999999999999783e+00
1.881000000000000005e+00
2.451800000000000423e+00
3.240600000000002368e+00
4.116700000000002468e+00
4.534500000000003972e+00
4.020800000000003038e+00
3.876700000000003143e+00
4.934100000000004371e+00
2.850500000000001144e+00
4.801000000000004597e+00
5.581200000000006156e+00
4.463400000000004475e+00
3.630700000000002703e+00
4.410900000000004262e+00
4.122700000000003584e+00
4.415000000000003588e+00
1.698439999999999950e+00
1.698439999999999950e+00
2.471300000000000274e+00
-1.093400000000000150e+00
6.538199999999998457e-01
8.735199999999999632e-01
1.653720000000000079e+00
1.509619999999999962e+00
1.263619999999999965e+00
3.492100000000002424e+00
8.780000000000000027e-01
3.131000000000001116e+00
1.985700000000000021e+00
1.153799999999999937e+00
2.438400000000000567e+00
8.833999999999999631e-01
2.551500000000000767e+00
2.567800000000000971e+00
2.686000000000000831e+00
2.361200000000000632e+00
2.279700000000000060e+00
2.279700000000000060e+00
1.554400000000000004e+00
2.647700000000001275e+00
3.229000000000001869e+00
2.361200000000000188e+00
2.503700000000001147e+00
2.712820000000000675e+00
2.439500000000000668e+00
2.439500000000001112e+00
2.439500000000001112e+00
2.193500000000000227e+00
2.439500000000001112e+00
2.647700000000001275e+00
2.647700000000001275e+00
2.647700000000001275e+00
2.182600000000000318e+00
2.374200000000000976e+00
3.134200000000001651e+00
1.816999999999999948e+00
3.010300000000001752e+00
2.764300000000001312e+00
3.010300000000001752e+00
3.010300000000001752e+00
2.371199999999999974e+00
3.400400000000002088e+00
5.464300000000004154e+00
4.036500000000003752e+00
6.854999999999999982e-01
8.936999999999999389e-01
8.952999999999999847e-01
2.038100000000000023e+00
2.818300000000000693e+00
3.598500000000002252e+00
1.077199999999999935e+00
1.257900000000000018e+00
9.063999999999998725e-01
1.283800000000000052e+00
5.512999999999999012e-01
1.541599999999999859e+00
1.541600000000000081e+00
9.383999999999999009e-01
2.138600000000000279e+00
7.318000000000000060e-01
1.302599999999999980e+00
2.082799999999999763e+00
9.366000000000000991e-01
1.907299999999999773e+00
1.907299999999999995e+00
1.801600000000000090e+00
2.416700000000000514e+00
1.731300000000000061e+00
2.297400000000000553e+00
6.229999999999999982e-01
4.851999999999998536e-01
1.213299999999999823e+00
1.151699999999999946e+00
2.043800000000000061e+00
1.793000000000000149e-01
1.384999999999998455e-01
2.197620000000000573e+00
2.197620000000000573e+00
2.061500000000000110e+00
1.905799999999999939e+00
1.481800000000000006e+00
1.481800000000000006e+00
2.003619999999999735e+00
2.003619999999999735e+00
1.055399999999999894e+00
1.473200000000000065e+00
2.189799999999999969e+00
2.136219999999999786e+00
2.058119999999999727e+00
2.310700000000000642e+00
3.197800000000000864e+00
3.662020000000001829e+00
1.962300000000000377e+00
1.960699999999999665e+00
1.024799999999999933e+00
1.023199999999999887e+00
1.151499999999999968e+00
7.355000000000000426e-01
9.433000000000000274e-01
1.595600000000000129e+00
2.375800000000000800e+00
2.231700000000000017e+00
2.541900000000000936e+00
2.621800000000001241e+00
2.699600000000001110e+00
1.985700000000000021e+00
2.595100000000001739e+00
2.149499999999999744e+00
2.621800000000001241e+00
1.231400000000000050e+00
9.595000000000000195e-01
8.153999999999999027e-01
1.117099999999999982e+00
4.374200000000004529e+00
2.288800000000000168e+00
2.207119999999999749e+00
1.872800000000000020e+00
2.932000000000001272e+00
2.101420000000000066e+00
1.037200000000000122e+00
1.557399999999999896e+00
1.765600000000000058e+00
1.765600000000000058e+00
1.765600000000000058e+00
1.295600000000000085e+00
2.852100000000000968e+00
2.908400000000001207e+00
3.572000000000002728e+00
3.300100000000002254e+00
3.076100000000002055e+00
3.076100000000001167e+00
2.725100000000001188e+00
1.717819999999999681e+00
1.539199999999999902e+00
1.812399999999999789e+00
1.013099999999999890e+00
1.183719999999999883e+00
1.183719999999999883e+00
1.183719999999999883e+00
2.017500000000000071e+00
9.854000000000000536e-01
2.736900000000001221e+00
-2.108000000000000984e-01
1.041499999999999870e+00
1.588019999999999987e+00
1.465799999999999992e+00
1.400519999999999987e+00
2.790800000000000836e+00
1.066199999999999815e+00
2.280520000000000103e+00
4.288840000000002206e+00
2.226620000000000488e+00
3.827920000000002432e+00
4.608120000000004879e+00
2.852100000000000968e+00
1.709219999999999962e+00
2.097799999999999887e+00
2.129800000000000360e+00
9.526999999999998803e-01
2.401700000000000834e+00
2.401700000000000834e+00
2.177699999999999747e+00
2.884300000000001418e+00
1.743100000000000094e+00
1.739700000000000024e+00
5.625999999999999890e-01
1.897299999999999986e+00
1.897299999999999986e+00
1.515700000000000047e+00
1.515700000000000047e+00
1.931699999999999973e+00
2.213099999999999845e+00
2.297420000000000684e+00
1.792199999999999793e+00
-6.970000000000003970e-02
5.663999999999997925e-01
3.904200000000003001e+00
3.904200000000003001e+00
4.048300000000002896e+00
4.048300000000002896e+00
4.266800000000003479e+00
2.501100000000000989e+00
2.501100000000000989e+00
4.080300000000002925e+00
5.972900000000005427e+00
5.748900000000005228e+00
5.460000000000000409e-01
1.673899999999999944e+00
-1.860000000000000542e-02
3.090000000000000524e-01
1.460120000000000084e+00
1.781619999999999981e+00
1.205500000000000016e+00
2.958120000000000971e+00
5.223999999999998645e-01
1.301000000000000156e+00
1.302599999999999980e+00
2.309919999999999973e+00
9.124999999999998668e-01
1.506920000000000037e+00
1.595600000000000129e+00
1.595599999999999907e+00
4.860500000000004484e+00
3.148220000000002017e+00
3.148220000000001129e+00
8.681999999999998607e-01
2.910000000000001030e+00
1.732899999999999885e+00
2.973700000000001786e+00
2.686000000000000831e+00
2.791800000000001170e+00
2.519900000000000695e+00
1.342799999999999994e+00
2.711900000000000865e+00
2.295900000000000496e+00
2.295900000000000496e+00
2.567800000000000971e+00
2.133200000000000429e+00
3.709900000000002862e+00
5.640700000000005154e+00
1.414900000000000047e+00
1.557399999999999896e+00
1.413300000000000001e+00
1.541600000000000081e+00
1.397499999999999964e+00
2.218499999999999694e+00
9.260000000000001563e-02
1.283200000000000118e+00
-5.150000000000010125e-02
1.427300000000000013e+00
-5.150000000000010125e-02
1.402099999999999902e+00
2.454200000000000159e+00
2.182299999999999685e+00
3.056700000000001083e+00
2.408500000000000085e+00
5.694000000000000172e-01
1.573819999999999997e+00
2.407600000000000406e+00
1.737519999999999953e+00
1.908420000000000005e+00
1.759399999999999853e+00
3.055800000000001404e+00
7.850199999999998290e-01
1.390020000000000033e+00
1.025099999999999900e+00
2.543220000000000702e+00
1.938219999999999832e+00
1.938220000000000054e+00
1.513119999999999798e+00
1.178799999999999848e+00
1.291700000000000070e+00
1.093599999999999905e+00
2.353119999999999656e+00
1.451519999999999921e+00
1.451519999999999921e+00
6.688000000000000611e-01
1.151599999999999957e+00
8.958999999999999186e-01
1.121899999999999897e+00
1.328500000000000014e+00
1.326899999999999968e+00
1.328500000000000014e+00
1.676099999999999923e+00
7.190000000000000835e-01
3.416999999999999482e-01
4.534000000000002473e+00
1.782799999999999940e+00
2.107099999999999973e+00
2.456300000000000594e+00
1.900499999999999856e+00
2.358999999999999986e+00
1.494600000000000151e+00
1.650200000000000111e+00
2.430400000000000560e+00
2.056519999999999904e+00
2.114100000000000090e+00
9.384000000000000119e-01
4.588000000000002743e+00
1.922099999999999920e+00
1.125600000000000156e+00
4.742300000000004623e+00
3.962100000000003064e+00
3.466200000000001502e+00
3.466200000000001502e+00
2.913400000000001100e+00
1.621499999999999941e+00
1.349600000000000133e+00
1.205500000000000016e+00
1.507200000000000095e+00
1.507200000000000095e+00
1.507200000000000095e+00
1.187400000000000011e+00
1.428020000000000067e+00
2.048299999999999788e+00
2.390100000000000335e+00
2.441100000000000492e+00
5.276500000000004853e+00
4.410500000000004306e+00
4.792620000000004765e+00
3.775900000000002699e+00
2.669800000000000839e+00
3.240600000000002368e+00
4.772100000000003561e+00
4.679800000000004623e+00
2.177699999999999747e+00
1.971099999999999852e+00
2.541900000000000936e+00
3.641200000000002213e+00
3.238500000000001933e+00
3.128500000000000725e+00
2.848400000000000709e+00
3.042400000000001548e+00
3.042400000000001548e+00
2.960900000000001420e+00
2.671400000000001551e+00
2.687800000000001077e+00
4.396300000000003649e+00
4.967100000000004734e+00
3.874600000000002709e+00
3.242200000000002191e+00
4.022400000000003750e+00
3.878300000000002967e+00
2.238900000000000112e+00
3.632300000000002527e+00
4.268400000000003303e+00
2.487900000000000666e+00
2.487900000000000666e+00
2.487900000000000666e+00
3.688100000000003043e+00
2.281300000000000328e+00
2.281300000000000328e+00
2.281300000000000328e+00
2.281300000000000328e+00
2.852100000000000968e+00
2.852100000000000968e+00
2.272300000000000431e+00
2.272300000000000431e+00
2.935900000000001064e+00
4.136100000000003440e+00
3.355900000000001882e+00
3.576700000000002877e+00
2.821600000000000996e+00
2.729300000000001614e+00
2.727700000000001790e+00
2.727700000000001346e+00
2.935900000000001953e+00
2.935900000000001064e+00
3.298500000000002430e+00
2.263900000000000468e+00
2.711900000000000865e+00
2.711900000000000865e+00
2.711900000000000865e+00
2.597599999999999909e+00
2.505300000000001415e+00
2.505300000000001415e+00
2.505300000000000527e+00
2.505300000000000527e+00
2.503700000000000259e+00
2.711900000000000865e+00
2.711900000000000865e+00
2.711900000000000865e+00
3.076100000000002055e+00
3.076100000000001167e+00
3.300100000000002254e+00
5.640700000000006042e+00
4.326300000000004253e+00
3.904200000000003001e+00
2.361200000000000188e+00
1.685699999999999976e+00
2.756999999999999451e-01
1.355399999999999938e+00
1.962540000000000173e+00
1.792799999999999949e+00
3.475000000000002309e+00
3.475000000000002309e+00
3.475000000000002309e+00
3.475000000000002309e+00
2.910200000000001452e+00
2.669800000000000839e+00
2.097800000000000331e+00
2.097799999999999887e+00
1.891199999999999992e+00
2.097800000000000331e+00
1.882199999999999873e+00
1.882200000000000095e+00
1.882200000000000095e+00
2.545800000000000729e+00
3.746000000000003105e+00
2.965800000000001546e+00
1.310000000000000053e+00
1.724799999999999889e+00
1.724799999999999889e+00
3.186600000000002542e+00
2.431499999999999773e+00
2.339200000000001278e+00
2.337600000000000566e+00
2.337600000000000122e+00
2.545800000000000729e+00
2.545800000000000729e+00
1.374099999999999877e+00
2.321800000000000530e+00
8.727999999999997982e-01
2.207499999999999574e+00
2.115200000000000191e+00
2.115200000000000191e+00
2.115200000000000191e+00
2.113600000000000367e+00
2.113599999999999923e+00
2.113599999999999923e+00
2.321800000000000530e+00
2.321800000000000530e+00
2.321800000000000530e+00
2.321800000000000530e+00
2.686000000000000831e+00
2.684400000000001008e+00
3.466200000000002390e+00
3.464600000000002566e+00
3.882200000000002760e+00
3.076100000000001167e+00
2.910000000000001918e+00
3.690200000000002589e+00
3.688600000000002765e+00
3.546100000000002694e+00
2.519900000000000695e+00
3.796900000000002606e+00
4.860500000000005372e+00
3.936200000000003030e+00
5.250600000000005707e+00
4.132800000000004026e+00
3.300100000000002254e+00
4.651100000000004009e+00
3.936200000000003030e+00
6.108500000000006480e+00
-3.746299999999997965e+00
3.984100000000003305e+00
2.765900000000001135e+00
3.597000000000002196e+00
2.583600000000000563e+00
-7.074000000000000288e-01
4.614500000000004043e+00
5.276500000000004853e+00
2.104800000000000004e+00
1.167300000000000004e+00
1.167300000000000004e+00
1.375499999999999945e+00
1.375499999999999945e+00
2.652500000000000746e+00
1.151499999999999968e+00
1.151499999999999968e+00
1.037200000000000122e+00
1.037200000000000122e+00
1.037200000000000122e+00
9.433000000000000274e-01
9.448999999999998511e-01
1.151499999999999968e+00
1.515700000000000047e+00
1.738099999999999978e+00
2.711900000000000865e+00
2.518300000000000871e+00
3.012300000000001532e+00
2.814300000000001134e+00
3.480800000000002115e+00
2.791800000000001170e+00
2.852100000000000968e+00
2.281299999999999883e+00
2.487900000000000666e+00
2.438400000000000567e+00
3.164800000000002278e+00
3.164800000000002278e+00
1.792200000000000015e+00
1.221400000000000041e+00
2.668300000000001226e+00
3.086100000000001842e+00
2.572400000000000908e+00
2.428300000000000125e+00
3.485700000000002241e+00
1.402100000000000124e+00
2.679100000000000925e+00
3.742700000000002802e+00
3.352600000000002467e+00
1.154700000000000060e+00
2.677400000000000446e+00
2.158900000000000041e+00
4.132800000000004026e+00
3.015000000000001457e+00
2.818400000000001349e+00
2.182299999999999685e+00
2.791700000000001847e+00
2.738500000000001044e+00
2.331900000000000084e+00
2.738500000000001044e+00
2.962500000000001243e+00
2.818400000000001349e+00
1.150000000000000133e+00
1.057699999999999863e+00
2.264600000000000612e+00
2.018600000000000172e+00
1.427999999999999936e+00
2.379000000000000448e+00
2.628200000000000536e+00
3.900400000000002976e+00
1.847999999999999865e+00
1.313700000000000090e+00
2.391700000000000159e+00
2.000000000000000000e+00
2.001599999999999824e+00
2.080600000000000005e+00
2.570800000000001084e+00
1.975299999999999612e+00
2.390100000000000335e+00
2.545200000000000351e+00
2.678900000000000503e+00
1.458300000000000152e+00
1.988999999999999879e+00
1.818100000000000049e+00
2.409000000000000696e+00
1.703799999999999981e+00
2.353200000000000180e+00
2.182299999999999685e+00
2.129999999999999893e+00
1.782399999999999984e+00
1.782399999999999984e+00
1.611499999999999932e+00
3.481000000000002537e+00
3.133400000000001739e+00
2.989300000000001845e+00
2.818400000000001349e+00
3.875800000000002576e+00
1.792200000000000015e+00
3.742700000000002802e+00
2.572400000000000908e+00
3.188300000000001688e+00
3.352600000000002467e+00
3.208500000000001684e+00
8.828000000000000291e-01
2.321800000000000530e+00
1.500799999999999912e+00
2.423700000000000188e+00
1.356999999999999984e+00
6.364100000000006752e+00
6.362500000000006928e+00
6.934900000000007836e+00
1.761700000000000044e+00
2.998700000000001253e+00
2.998700000000001253e+00
2.998700000000001253e+00
2.998700000000001253e+00
2.998700000000001253e+00
2.257600000000000051e+00
1.969500000000000028e+00
7.599000000000000199e-01
2.997200000000001197e+00
2.632000000000000561e+00
2.487900000000000666e+00
1.843199999999999950e+00
2.567800000000000971e+00
2.567800000000000971e+00
1.531819999999999959e+00
1.328500000000000014e+00
1.326899999999999968e+00
2.687500000000000888e+00
9.448999999999998511e-01
1.515700000000000047e+00
2.809600000000001430e+00
2.151799999999999713e+00
1.989100000000000090e+00
1.125599999999999934e+00
3.076100000000001167e+00
1.882400000000000073e+00
2.515200000000001435e+00
2.462000000000000632e+00
1.236099999999999977e+00
2.340800000000000658e+00
1.083099999999999952e+00
2.824000000000000732e+00
3.311400000000001675e+00
1.509700000000000042e+00
2.442499999999999893e+00
5.952999999999999403e-01
4.809999999999999831e-01
1.607399999999999940e+00
1.735800000000000010e+00
2.279300000000000104e+00
9.595000000000000195e-01
9.578999999999999737e-01
3.012600000000001721e+00
3.886999999999999900e-01
3.871000000000000552e-01
1.835599999999999898e+00
1.834000000000000075e+00
2.253400000000000070e+00
2.251800000000000246e+00
1.739700000000000024e+00
1.738099999999999978e+00
1.595600000000000129e+00
1.593999999999999861e+00
2.653000000000001357e+00
2.651400000000000645e+00
2.177699999999999747e+00
3.632300000000002527e+00
4.080300000000002925e+00
4.078700000000003101e+00
2.045939999999999870e+00
3.184600000000002318e+00
5.694000000000000172e-01
5.677999999999999714e-01
2.246000000000000441e+00
1.846400000000000041e+00
2.910000000000001030e+00
2.519900000000000695e+00
2.518300000000000871e+00
3.204000000000000736e-01
1.326200000000000045e+00
1.324600000000000000e+00
2.700700000000001211e+00
1.985700000000000021e+00
1.984099999999999975e+00
2.176199999999999690e+00
2.620800000000000907e+00
2.321900000000000297e+00
3.690200000000002589e+00
3.300100000000002254e+00
3.298500000000002430e+00
2.344700000000000895e+00
2.515600000000001391e+00
2.344700000000000450e+00
2.515600000000000946e+00
2.625100000000000655e+00
2.182299999999999685e+00
2.180699999999999861e+00
1.349600000000000133e+00
1.347999999999999865e+00
1.429100000000000037e+00
1.600000000000000089e+00
2.034100000000000019e+00
2.205000000000000071e+00
2.034100000000000019e+00
3.358200000000001850e+00
2.095600000000000129e+00
1.676099999999999923e+00
1.497600000000000042e+00
1.905799999999999939e+00
1.904200000000000115e+00
2.129800000000000360e+00
1.985700000000000021e+00
2.128199999999999648e+00
1.984099999999999975e+00
7.676999999999999380e-01
1.157799999999999940e+00
2.359600000000000808e+00
2.567800000000000971e+00
2.930400000000001448e+00
2.540300000000000225e+00
4.765999999999999126e-01
9.488999999999999657e-01
1.198499999999999899e+00
1.511399999999999633e+00
1.014699999999999935e+00
-2.513699999999998269e+00
-2.257000000000000117e-01
-3.400000000000001354e-01
2.234799999999999898e+00
1.842300000000000049e+00
1.913799999999999946e+00
2.133499999999999730e+00
2.216800000000000104e+00
-2.351200000000001289e+00
2.751300000000000967e+00
2.751300000000000967e+00
3.322100000000001607e+00
1.766899999999999915e+00
4.102300000000003166e+00
3.958200000000003271e+00
2.932000000000001272e+00
4.544900000000003715e+00
3.712200000000002831e+00
4.348300000000003607e+00
2.195700000000000873e+00
3.096720000000001249e+00
2.767700000000001381e+00
2.998700000000001253e+00
2.193500000000000227e+00
2.487900000000000666e+00
1.090399999999999814e+00
3.551900000000002500e+00
3.387400000000002631e+00
4.738400000000004830e+00
4.697200000000005815e+00
3.934600000000003206e+00
1.153799999999999937e+00
1.601399999999999935e+00
4.380500000000003169e+00
4.380500000000003169e+00
2.476320000000000299e+00
-2.832099999999998285e+00
-3.644499999999998074e+00
3.760100000000003106e+00
1.681799999999999962e+00
2.462000000000000632e+00
2.317900000000000738e+00
2.317900000000000738e+00
2.071900000000000297e+00
1.997400000000000064e+00
3.019100000000001671e+00
2.844300000000001383e+00
3.369800000000001461e+00
7.637000000000000455e-01
7.687999999999999279e-01
1.242199999999999971e+00
8.520999999999999686e-01
1.863699999999999912e+00
1.689599999999999769e+00
1.739900000000000002e+00
1.739900000000000002e+00
1.920600000000000085e+00
2.700800000000000978e+00
2.220399999999999707e+00
-6.420000000000009033e-02
9.863200000000000855e-01
1.557120000000000060e+00
1.221899999999999764e+00
-2.122599999999999820e+00
3.308900000000002173e+00
3.308900000000002173e+00
2.503700000000001147e+00
2.503700000000001147e+00
2.503700000000001147e+00
3.074500000000001343e+00
2.503700000000001147e+00
3.453000000000002068e+00
3.950600000000002332e+00
3.854700000000002902e+00
4.768000000000004235e+00
2.684400000000001008e+00
3.157800000000001717e+00
3.464600000000002566e+00
4.244800000000004125e+00
4.100700000000003342e+00
4.222800000000003884e+00
4.886400000000004518e+00
4.662400000000004319e+00
3.037800000000001610e+00
2.453500000000000902e+00
7.284999999999999254e-01
1.576999999999999513e-01
1.508700000000000152e+00
1.951300000000000034e+00
1.118600000000000039e+00
4.208100000000003504e+00
2.973700000000001786e+00
6.924000000000000155e-01
1.710279999999999800e+00
3.690400000000003011e+00
1.560599999999999987e+00
2.093999999999999861e+00
1.143099999999999783e+00
2.730900000000000993e+00
4.609000000000001762e+00
2.177900000000000169e+00
2.036799999999999944e+00
1.240399999999999947e+00
4.626999999999999447e-01
1.677800000000000180e+00
1.040000000000000036e+00
2.283720000000001082e+00
3.608900000000003327e+00
1.983900000000000663e+00
1.467299999999999827e+00
1.748099999999999765e+00
2.036799999999999500e+00
2.049399999999999888e+00
2.824020000000000863e+00
3.127020000000001687e+00
1.151499999999999968e+00
1.037200000000000122e+00
1.037200000000000122e+00
9.448999999999998511e-01
3.434200000000002362e+00
3.752000000000000335e-01
1.807520000000000016e+00
1.807520000000000016e+00
-6.898800000000000487e-01
2.428920000000000634e+00
2.516620000000000523e+00
2.173499999999999766e+00
4.429999999999978400e-02
3.832700000000002660e+00
4.496300000000004182e+00
4.382000000000003226e+00
4.496300000000004182e+00
3.824300000000002697e+00
4.272300000000003983e+00
4.065700000000004088e+00
4.636500000000004285e+00
1.777999999999999581e-01
8.920999999999998931e-01
2.441100000000000492e+00
1.516599999999999948e+00
1.599860000000000060e+00
2.317460000000000520e+00
1.401859999999999884e+00
2.068360000000000198e+00
3.237600000000002254e+00
2.318100000000000271e+00
4.460400000000004361e+00
2.574920000000000542e+00
1.922099999999999920e+00
4.407900000000004148e+00
1.669899999999999940e+00
2.518300000000000871e+00
8.933999999999999719e-01
3.268100000000002225e+00
3.268100000000002225e+00
3.052500000000001990e+00
3.052500000000001990e+00
3.716100000000002623e+00
4.278600000000003512e+00
3.601800000000001667e+00
3.509500000000002284e+00
3.507900000000002461e+00
3.716100000000002623e+00
3.492100000000002424e+00
3.492100000000002424e+00
3.285500000000002085e+00
3.285500000000002085e+00
3.492100000000002424e+00
3.856300000000002726e+00
4.080300000000002925e+00
4.725200000000004508e+00
1.375499999999999945e+00
1.231400000000000050e+00
1.793900000000000050e+00
1.261200000000000099e+00
1.117099999999999982e+00
7.118999999999999773e-01
1.739700000000000024e+00
1.098999999999999755e+00
1.213299999999999823e+00
1.834699999999999775e+00
1.432999999999999829e+00
8.930999999999997829e-01
2.717500000000001137e+00
1.937299999999999800e+00
2.002999999999999670e+00
1.516299999999999759e+00
1.969500000000000028e+00
2.177699999999999747e+00
2.177699999999999747e+00
3.696000000000002395e+00
4.266800000000003479e+00
2.338200000000000500e+00
2.035199999999999676e+00
1.119599999999999929e+00
2.094520000000000159e+00
3.465700000000002667e+00
3.466400000000001924e+00
2.828500000000000902e+00
2.128199999999999648e+00
2.791800000000001170e+00
2.830900000000001526e+00
2.050699999999999967e+00
2.009039999999999715e+00
2.009039999999999715e+00
2.009039999999999715e+00
2.009040000000000159e+00
2.009039999999999715e+00
-2.582300000000000484e+00
2.954800000000001425e+00
1.922400000000000109e+00
4.891300000000004644e+00
4.310100000000003817e+00
