-5.184323920037101630e+00
-2.389013824820413134e+00
-3.040964730942675942e+00
-2.377246195097121984e+00
-2.200240862107138540e+00
-3.493554484161072615e+00
-3.047656167656024095e+00
-2.108308475348330546e+00
-2.424442747854300251e+00
-2.652939779055392577e+00
-2.423551417957565235e+00
-2.347961733534575046e+00
-1.340809567066461483e+00
-1.206201874758768611e+00
-1.514930738775671415e+00
-2.613684506779483385e+00
-4.600900028950016818e+00
-4.404273733366301791e+00
-1.654932661852596354e+00
-2.248624186484168064e+00
-1.097109237994789765e+00
-1.579093484484761944e+00
-2.026302945699534064e+00
-4.501219459485243490e+00
-4.668245792596144028e+00
-2.624603926957998823e+00
-2.314524484161072593e+00
-2.412645982136782052e+00
-1.681913864148690152e+00
-2.646221288470364641e+00
-2.526156940640010617e+00
-2.078122029397407644e+00
-2.435263996774683193e+00
-2.438396092265399773e+00
-3.503198744785293250e+00
-2.231100727622258972e+00
-3.077774621244342867e+00
-2.487054182451077011e+00
-2.110067770874358928e+00
-1.468020261805499160e+00
-2.060801084148634388e+00
-2.382884751290896830e+00
-2.310961674367820962e+00
-2.268771930778077817e+00
-2.314647237994787332e+00
-2.177916468764017566e+00
-2.016579930302478729e+00
-1.993806343415419846e+00
-2.488856165709599111e+00
-2.237954776456325234e+00
-1.761608314917864959e+00
-1.668279699533247395e+00
-2.544887351293940725e+00
-2.606716721923310942e+00
-3.476506931713521098e+00
-2.041283854790442831e+00
-2.692500054784119357e+00
-2.420472762470311068e+00
-2.613367715253991364e+00
-3.420246779184988206e+00
-2.233318240593852977e+00
-2.319602849974749859e+00
-3.575356358227168130e+00
-2.382608201908695378e+00
-2.844707661852595493e+00
-1.897251288470364727e+00
-2.133666468764017665e+00
-1.926509047230599236e+00
-2.110903065136653822e+00
-2.078801903661592121e+00
-2.098727508769060890e+00
-2.078850147589136554e+00
-3.237464745287180534e+00
-1.927138613309411497e+00
-2.082917022939101415e+00
-3.936111127517715857e+00
-2.424148877411289149e+00
-2.179862371036684010e+00
-1.936026876093151827e+00
-3.777430738775673369e+00
-3.832980548286161415e+00
-3.456602346785404123e+00
-4.099459214054443024e+00
-1.925261650780896616e+00
-1.927851288470364466e+00
-1.723424047230599498e+00
-1.700549937119014032e+00
-2.295064374270962659e+00
-3.377607631014219791e+00
-2.863996056159706427e+00
-2.882371105527999688e+00
-3.404804963042297850e+00
-4.261994971363083806e+00
-3.202561077567667169e+00
-2.695857532355987018e+00
-2.901691348919190006e+00
-2.211490013809870092e+00
-2.025310392316539421e+00
-2.227484751290898402e+00
-3.983804100119233915e+00
-2.743582067303146133e+00
-2.743582067303146133e+00
-3.930424185344463694e+00
-3.919002327505896055e+00
-1.847477432677925080e+00
-2.240569868776457696e+00
-1.633110699533249388e+00
-1.851368475452982665e+00
-2.117909303343321170e+00
-1.566451702132315660e+00
-2.157192086747699022e+00
-2.191690599869376754e+00
-2.369382256196919556e+00
-1.655971580342379568e+00
-1.356497508769061611e+00
-1.475048633029416578e+00
-1.700080336297229877e+00
-1.873902723565134210e+00
-1.811585482185826379e+00
-1.995598138495033425e+00
-2.149289111648281292e+00
-2.492019950878793466e+00
-1.698415030532279602e+00
-1.807606936886793747e+00
-2.570322116820776159e+00
-2.092368539197476451e+00
-2.417244289846834704e+00
-2.182957049376108571e+00
-1.724054081840556307e+00
-1.828579838796365209e+00
-2.298797141503730046e+00
-2.574532506139094679e+00
-1.843221454790530345e+00
-1.658016680366692697e+00
-1.787622286096997470e+00
-1.638335903854979847e+00
-1.779206782975858658e+00
-2.454408447004386318e+00
-2.646492967656149276e+00
-1.772482276857850536e+00
-1.865063167036854708e+00
-2.275037279055391437e+00
-2.654767471363083331e+00
-2.311968670788735025e+00
-2.480094756396674427e+00
-1.999245057911334555e+00
-1.701043859963714766e+00
-1.812777146677003515e+00
-1.678982569353367538e+00
-1.798990529685717377e+00
-1.490366750288711017e+00
-1.603026525397323709e+00
-1.765966802572950911e+00
-1.963278834131134687e+00
-2.088311244665755240e+00
-2.187802534099427376e+00
-1.618491360562156700e+00
-1.737023925558137449e+00
-2.369382256196919556e+00
-2.201508964453452677e+00
-1.660496806163081374e+00
-1.811881946023223833e+00
-1.816035792177068231e+00
-1.977321710291212398e+00
-1.653060882202938231e+00
-3.631495651301406724e+00
-1.561877259374153226e+00
-1.575677058983206535e+00
-1.488713322719469545e+00
-1.171041874758767420e+00
-1.000000000000000000e+00
-1.746174033567701400e+00
-1.395570519239594631e+00
-1.275917718323864136e+00
-1.503686964957761774e+00
-1.870494955072995680e+00
-1.467921980988256436e+00
-1.438956356111930290e+00
-1.517077035396280138e+00
-2.648956946023222514e+00
-3.332174695271588938e+00
-2.393140336297228998e+00
-1.318797237994786542e+00
-1.439030069445353277e+00
-2.001134968304043582e+00
-1.913993884684327185e+00
-2.828000513235876312e+00
-2.799259342668030115e+00
-2.100427740143382849e+00
-1.054917237994786205e+00
-1.975409740247624057e+00
-1.898289545687095625e+00
-1.590947155813431380e+00
-1.287370559622292632e+00
-1.636974076816398949e+00
-1.363314480217823643e+00
-1.140699634662743378e+00
-1.206194956526728035e+00
-1.410716257285333342e+00
-1.490528211547287540e+00
-1.539546920912087558e+00
-1.749056382025457879e+00
-1.798139114560783014e+00
-1.286118173041563395e+00
-1.691034398069970024e+00
-1.695988803664377542e+00
-1.845540984712648935e+00
-1.455559512137629241e+00
-2.340533991921077472e+00
-1.416276947068677572e+00
-2.089404359389723354e+00
-1.638698097103038265e+00
-1.703792611251374822e+00
-1.173417948053959492e+00
-1.475690137403070423e+00
-1.939545876777650335e+00
-1.530867201139844980e+00
-1.493671919360178180e+00
-1.336222274148248346e+00
-1.571418237514000893e+00
-1.427173688104669935e+00
-1.443585577130981790e+00
-2.322469366675512958e+00
-1.857965792792729331e+00
-1.408742508769062596e+00
-1.525224964390364590e+00
-1.675241527364224936e+00
-1.895335967002242938e+00
-2.539903783272858817e+00
-3.698030425760553186e+00
-3.256365764207293623e+00
-3.495834313550668426e+00
-3.431182906421211598e+00
-3.672613325353732527e+00
-3.672613325353732527e+00
-4.042334613368043783e+00
-3.716399531937364387e+00
-4.279636438251765540e+00
-4.279636438251765540e+00
-4.279636438251765540e+00
-4.279636438251765540e+00
-4.086082477309014749e+00
-4.086082477309014749e+00
-4.086082477309014749e+00
-4.095342186333772894e+00
-4.180148881963724250e+00
-4.180148881963724250e+00
-4.591299057723118970e+00
-4.280949729012240468e+00
-4.160469074869859618e+00
-4.025705497772719355e+00
-4.148400614829575339e+00
-4.220871998321982232e+00
-3.093052497261574274e+00
-2.434495742902331727e+00
-3.835844440151191748e+00
-4.201018234590135236e+00
-4.218621311513212291e+00
-3.341044009824623018e+00
-4.195627433519304006e+00
-2.425128656004924110e+00
-2.662853625209237407e+00
-1.653552286358873857e+00
-1.817599868776458294e+00
-2.475638324311200122e+00
-1.980045429135426360e+00
-1.879131340868244848e+00
-1.858238172498154483e+00
-1.988757053617034032e+00
-2.248861344254789785e+00
-1.643680585692136376e+00
-1.752008520914809964e+00
-1.323231018200095477e+00
-1.429374365393440982e+00
-2.112054359389723857e+00
-1.367142000968275539e+00
-2.935278007225557317e+00
-2.341358715787938749e+00
-1.711951417957564558e+00
-1.840378242415157573e+00
-1.837678242415158536e+00
-1.998718597444742784e+00
-2.433384651261736309e+00
-2.196730585692138860e+00
-1.685549218982806963e+00
-1.782073778144576792e+00
-2.003053223938854543e+00
-2.386882741082596127e+00
-1.782557915907773349e+00
-2.036176167656025271e+00
-4.678385788480774465e+00
-2.476992443598589944e+00
-2.622895888212667614e+00
-2.025634083195491542e+00
-2.433140185714361081e+00
-2.783808201908692936e+00
-1.804962326752184154e+00
-2.016138573857819694e+00
-1.649651288470366239e+00
-1.741216892865969257e+00
-1.632535967002242572e+00
-1.732919926792453325e+00
-2.506579538186587186e+00
-2.677703514517949301e+00
-1.755885109249835097e+00
-1.868975696023222000e+00
-2.629337258028007440e+00
-2.513098312358293285e+00
-2.413001701267976529e+00
-2.974890786173348900e+00
-1.782131993100351863e+00
-3.557569890733072171e+00
-2.338463619418179817e+00
-2.484413846777027146e+00
-1.739592817293308613e+00
-2.131112274306884657e+00
-2.312267333815839265e+00
-2.399112643989537830e+00
-2.572209476565623376e+00
-1.432463188733986925e+00
-1.688681470452268130e+00
-1.668461650780896477e+00
-1.752631597837888577e+00
-2.146596014692359944e+00
-1.465321354922906494e+00
-1.542124372674386734e+00
-2.556599041226881752e+00
-1.794106853379402011e+00
-1.943842722944619794e+00
-2.152933102939250887e+00
-2.277895007701154384e+00
-1.604121356065434156e+00
-1.728815520521667537e+00
-1.603317272082671607e+00
-1.710583014841937199e+00
-1.849937302194520683e+00
-2.142574161071712169e+00
-2.314368930302480365e+00
-2.919454155067992218e+00
-3.146268120937033785e+00
-4.047872811289590977e+00
-3.291249011612192632e+00
-1.761778303083545438e+00
-1.993947351071323482e+00
-2.067258071202259018e+00
-1.661841874758769322e+00
-1.774449142663277357e+00
-1.829762140010757321e+00
-1.952388248385140912e+00
-2.450146354922907221e+00
-2.734983411874161163e+00
-2.414123487183468697e+00
-1.744161317516930154e+00
-1.718616938818707141e+00
-2.369616346705074150e+00
-2.886177171322684032e+00
-2.472439145571227570e+00
-1.346440038530479555e+00
-2.035750135906281955e+00
-4.303290384813539760e+00
-4.020286907112335939e+00
-4.450805148976117565e+00
-4.450805148976117565e+00
-3.693960015303978217e+00
-3.270764945592785189e+00
-3.446795714908896358e+00
-3.501804506117687232e+00
-4.120342484645577841e+00
-4.120342484645577841e+00
-4.120342484645577841e+00
-3.832625998710305737e+00
-3.575195961088059704e+00
-3.580186533827363959e+00
-3.687909052697609269e+00
-1.767602458313145775e+00
-1.546044446023220331e+00
-3.771600057686258722e+00
-3.664576616765660155e+00
-3.305455131354519516e+00
-3.305455131354519516e+00
-4.235946260938861840e+00
-4.235946260938861840e+00
-3.591624360418324002e+00
-3.640213702261910100e+00
-4.171795825714102790e+00
-4.171795825714102790e+00
-5.085866792082772037e+00
-5.126314355471436102e+00
-5.407255323145934156e+00
-4.590410013809870016e+00
-3.098751783449332997e+00
-5.532915644100560471e+00
-5.774823136518064892e+00
-5.448955515766722435e+00
-5.438161908387820098e+00
-3.164841868755050136e+00
-1.885356179862325732e+00
-1.428419047230601535e+00
-3.133022141736883981e+00
-1.680796622769378246e+00
-2.276718468764018510e+00
-1.269101727418219028e+00
-4.329665150524455441e+00
-3.952938996678300398e+00
-1.932824273837317364e+00
-1.932824273837317364e+00
-2.357351723455080261e+00
-2.313425612794690167e+00
-2.425606613914151666e+00
-3.284641347386529908e+00
-1.535426639026757911e+00
-2.677079256785402706e+00
-1.854665113834188972e+00
-1.802937801688774044e+00
-1.802937801688774044e+00
-1.649532407123990296e+00
-1.907841168893362749e+00
-1.987366085836884011e+00
-1.921634439459234400e+00
-2.268095407561682819e+00
-1.866175844006960460e+00
-1.752356361106935267e+00
-1.950566739538292182e+00
-2.262188475348331451e+00
-1.991573090732948970e+00
-3.107875396174753391e+00
-2.875734023299882480e+00
-2.875734023299882480e+00
-3.228615190408635094e+00
-3.032150979820602998e+00
-3.036098465110017131e+00
-3.975095006201872394e+00
-2.451828211547287140e+00
-3.230738420479188022e+00
-3.230738420479188022e+00
-2.899361762654253383e+00
-2.899361762654253383e+00
-2.838263490291330626e+00
-2.849725860353700568e+00
-2.686278167010096141e+00
-2.469941274240683882e+00
-2.811352798503826023e+00
-2.901890007806152028e+00
-3.285876007741372007e+00
-2.714146754368103487e+00
-3.286090944060889640e+00
-2.550568866310795713e+00
-2.888151189723274115e+00
-3.062385037375299213e+00
-3.145141960452222385e+00
-2.755186709616101126e+00
-2.875055806606068742e+00
-2.599467171219465911e+00
-2.279608276743880779e+00
-2.477907804627049515e+00
-2.440458980778055675e+00
-4.103669099545689036e+00
-2.391859110265256660e+00
-2.417464238470385496e+00
-3.344374044091902753e+00
-2.775999267010819338e+00
-3.012829155067992204e+00
-3.566700746512262654e+00
-2.264965853379404592e+00
-2.157949366675513403e+00
-2.197308980778057474e+00
-2.933962516272005772e+00
-1.513733118803916256e+00
-3.184145537304572393e+00
-1.258183155489746241e+00
-1.521428028604921323e+00
-1.484472643989537488e+00
-1.384701874758768270e+00
-1.707123706052779966e+00
-1.609801068690146053e+00
-1.545324365393440758e+00
-1.594200235686711764e+00
-1.395924311730457390e+00
-1.719701312739861265e+00
-1.436908340082315050e+00
-1.610838697225172922e+00
-1.661910140348009435e+00
-4.985008465113761389e+00
-1.907151351617628166e+00
-1.678351105527998044e+00
-1.853058980778055087e+00
-1.560669249659749624e+00
-1.479741874758767395e+00
-2.527347219364534325e+00
-2.876860813750809598e+00
-3.082456946023222955e+00
-4.757206585004905897e+00
-2.179537700944289114e+00
-1.818254355754847396e+00
-2.790005814801501671e+00
-2.743302048062540521e+00
-1.819784751290896452e+00
-1.740263322719467709e+00
-1.860779244579100933e+00
-1.573388713209512346e+00
-1.921065995796977788e+00
-1.614844622610171143e+00
-1.881566889532862774e+00
-1.905081832901050376e+00
-1.842085995391236963e+00
-2.429924456929697385e+00
-1.841943662615216581e+00
-2.171508389062079658e+00
-1.958806291632217977e+00
-1.872975716744793573e+00
-2.010928211547287958e+00
-1.824603433360646676e+00
-2.683496195678126028e+00
-3.200135978150414395e+00
-3.200960851783728245e+00
-2.705933815942891840e+00
-2.892862176468765867e+00
-2.804305022946298465e+00
-1.251161674367821774e+00
-3.027361348919189510e+00
-3.342899296710848844e+00
-3.662307980935820773e+00
-3.662307980935820773e+00
-2.966890149101701013e+00
-2.966890149101701013e+00
-4.058393175387139173e+00
-2.706757656396485245e+00
-2.625511998828246263e+00
-2.683309790698237052e+00
-2.707332867621314421e+00
-2.645456849521766074e+00
-2.635711600652987485e+00
-2.683309790698237052e+00
-1.900808773021793741e+00
-2.056360336297229807e+00
-2.144914629194484945e+00
-2.079379993976161245e+00
-3.106309954498046366e+00
-1.533011491477767052e+00
-1.863478431327509455e+00
-1.599543264336931614e+00
-2.299886484139666010e+00
-1.660240336297230002e+00
-1.813881874758767054e+00
-3.261162122897726334e+00
-2.078491105527998428e+00
-2.304607284188048055e+00
-2.304607284188048055e+00
-2.456142271781100561e+00
-2.761619691135939192e+00
-2.305567581954797163e+00
-1.990958344624619514e+00
-2.116505197771473945e+00
-1.913239463505737703e+00
-2.154925894609885262e+00
-2.180733338778619412e+00
-2.004302073269933260e+00
-2.664368022601204089e+00
-2.131914182451074780e+00
-2.825219456998928180e+00
-2.143924372674385737e+00
-2.135655733621131702e+00
-3.257469728085871097e+00
-1.691190644863736381e+00
-1.765145398425254086e+00
-1.792085866056662979e+00
-3.651763297326478863e+00
-4.215068492699520775e+00
-1.915775518700362667e+00
-4.977836435340114996e+00
-4.109552883159029335e+00
-3.972036007225556276e+00
-1.253080811111608739e+00
-1.397047984349967464e+00
-2.894002479183262366e+00
-1.924630840159126777e+00
-2.056060622610171862e+00
-2.642800444712827712e+00
-3.826645932901545422e+00
-2.560006169344475779e+00
-2.016259830638606587e+00
-1.852909089612879256e+00
-2.551221874758768493e+00
-2.555643413220307636e+00
-1.769569887530375141e+00
-1.671914638330914471e+00
-2.926502322996286765e+00
-3.240246359914320529e+00
-2.478916622610173093e+00
-4.047120752515982467e+00
-2.152027915689298965e+00
-2.280058684920069467e+00
-2.976842810715570664e+00
-3.746529634114997620e+00
-1.221601328853060053e+00
-3.566759263281835679e+00
-3.422963452911721660e+00
-3.422963452911721660e+00
-3.464027683871811369e+00
-2.557310059937899283e+00
-2.091098893989537189e+00
-1.600454848121122708e+00
-3.212764529792369927e+00
-3.264837294865135853e+00
-3.296309228337067410e+00
-2.679638589850140917e+00
-2.452694008960285998e+00
-2.906196667082030061e+00
-3.309815720912614445e+00
-3.129847363260545023e+00
-3.095177583040764624e+00
-3.256643517106699193e+00
-2.312744633379457682e+00
-2.450462290473842231e+00
-2.882389009824622761e+00
-1.856163413220308200e+00
-2.049977058983206035e+00
-1.713483094917918947e+00
-4.976049648038647355e+00
-3.074645552905415080e+00
-2.831312274306883481e+00
-3.734427338329235013e+00
-1.512981874758766665e+00
-1.684349953016230472e+00
-2.038208980778057011e+00
-1.555283625421898464e+00
-1.282274494880642379e+00
-1.923362762331121800e+00
-1.558664638330913732e+00
-1.811689879496025668e+00
-1.729036068307154395e+00
-1.596997571803717264e+00
-2.066627734188532628e+00
-1.715934182451077206e+00
-1.935477346825740241e+00
-1.985375748075604463e+00
-2.277230643180500280e+00
-2.341858980778056321e+00
-3.583292277237211110e+00
-2.488653007225556379e+00
-4.757040129145090113e+00
-1.989997675592903192e+00
-3.138888550095138896e+00
-2.996606171840996424e+00
-2.214386289752436454e+00
-1.172798487554635116e+00
-1.069867168873315677e+00
-1.031562773268920097e+00
-3.311020314709329782e+00
-3.237105097474056947e+00
-2.540903937720566219e+00
-3.278617128546432724e+00
-3.857383626996808701e+00
-2.788341406520745025e+00
-2.605564370861920054e+00
-2.061963939030215798e+00
-2.322833469239615312e+00
-2.270695742902331560e+00
-2.073249589056178621e+00
-2.354427211433799627e+00
-1.679943371362588422e+00
-1.632566802572947395e+00
-1.707945106320483575e+00
-2.630172423250368041e+00
-3.111374969544904445e+00
-4.687426702132315270e+00
-2.284410631058491958e+00
-2.540433303123268871e+00
-2.857211440775090594e+00
-3.039919255130806519e+00
-2.135105367900596463e+00
-3.081251084148633801e+00
-4.398321873412622374e+00
-5.141331558646040634e+00
-3.077743391840941811e+00
-3.306995997091464190e+00
-3.164895514517948705e+00
-1.799213631526015433e+00
-1.028425567773302518e+00
-1.055340360672710531e+00
-2.819104134510723725e+00
-2.304677027819625579e+00
-3.245445237994786680e+00
-2.748895932901545436e+00
-3.298161317516930424e+00
-2.527800280263679866e+00
-2.562712515081591036e+00
-2.709612722981798782e+00
-2.644906348919189298e+00
-2.592311733534574003e+00
-2.562002502765341916e+00
-2.624486733534574512e+00
-1.887458045227120351e+00
-2.066225398425254767e+00
-1.635046402815479638e+00
-1.685262826931902325e+00
-2.225775716744792021e+00
-2.225775716744792021e+00
-1.905979993976162135e+00
-2.100366984936060888e+00
-2.924757887380728505e+00
-2.122163859963716703e+00
-1.729794629194486788e+00
-1.804457959928566169e+00
-1.867636656761144209e+00
-1.823019466455940929e+00
-2.574468408550972143e+00
-4.188138077210681764e+00
-4.343484441906880988e+00
-4.178093829194553521e+00
-1.634529368555293516e+00
-1.980257038634983147e+00
-1.656235903854980762e+00
-1.780959145230230689e+00
-2.746082248713477725e+00
-2.411810092876368827e+00
-2.562952477472110857e+00
-1.756299779055391141e+00
-1.933698910235591484e+00
-1.305949567066459593e+00
-2.597939165967007469e+00
-1.972155818005674632e+00
-2.540417934050356763e+00
-2.360474494880641316e+00
-3.675738277999830217e+00
-1.342535903854981783e+00
-1.237320519239595740e+00
-1.516501001967279549e+00
-1.595585850191996613e+00
-3.035022468764018377e+00
-1.135031601805915003e+00
-1.589513721786813605e+00
-2.117637288624374392e+00
-4.109001114758847883e+00
-2.173064041231725696e+00
-2.964423586524079113e+00
-1.597145692952279816e+00
-1.758331407237996302e+00
-2.152856791853380969e+00
-1.584938294707370687e+00
-2.201372066578654696e+00
-2.201372066578654696e+00
-1.768942452711529612e+00
-1.630522916942391376e+00
-3.204327231991069169e+00
-2.975091468764018643e+00
-2.316841532437699414e+00
-1.597299520603382206e+00
-1.987068751372611075e+00
-2.060144491017581458e+00
-2.819464321955875263e+00
-2.378587622610170982e+00
-2.419048853855001013e+00
-2.685464945678127435e+00
-1.591281769124091028e+00
-2.810006324988471249e+00
-1.802027331254267395e+00
-4.819968986617753970e+00
-3.043241400039842226e+00
-2.076395124985618068e+00
-3.555537526352267719e+00
-2.163454816461367614e+00
-1.772233102939249960e+00
-1.855235679054896281e+00
-1.552498797835689004e+00
-1.524995720912613706e+00
-2.863561674367820942e+00
-2.200041874758767335e+00
-1.502325776931924040e+00
-2.036246490143382104e+00
-2.556921462760300301e+00
-2.174300135906282350e+00
-2.424536033342178598e+00
-2.424536033342178598e+00
-2.496269632327194898e+00
-1.333402327971406010e+00
-2.485715078304121306e+00
-2.472021709603856365e+00
-2.820989052979486544e+00
-2.383791172576536610e+00
-2.438701062686424947e+00
-2.502859862772741195e+00
-1.648422321502179599e+00
-1.790143331172554753e+00
-3.495297869554989667e+00
-3.614964992873885841e+00
-2.305024456087855000e+00
-2.701833469239614871e+00
-2.959831401234277237e+00
-2.254521517128106112e+00
-2.401075960082106775e+00
-1.561678211547288697e+00
-2.277973887509462614e+00
-3.661407348837474984e+00
-3.675237526352267636e+00
-3.354150544103747578e+00
-1.962952386258976389e+00
-2.001735699533249146e+00
-2.669808443598590486e+00
-2.335964041231726185e+00
-2.396670468764018125e+00
-1.749318468764018419e+00
-2.608907661852596149e+00
-2.165867770874360332e+00
-2.131040198446788381e+00
-1.964796442203031290e+00
-2.656448487554634141e+00
-3.100401331533598537e+00
-4.181444971363083241e+00
-2.391310307417356285e+00
-1.701467009702321675e+00
-1.572558980778056892e+00
-2.528591911058187591e+00
-1.548435267701544049e+00
-3.318307132327195319e+00
-2.009071631337906894e+00
-2.280473029939306784e+00
-2.184594708260984675e+00
-2.428301288470365193e+00
-2.071336543999944269e+00
-1.756188669885364817e+00
-1.728630994806570342e+00
-2.027183776456325859e+00
-1.519660622610171430e+00
-1.366145545687093232e+00
-1.311513507109195231e+00
-1.393030585692139667e+00
-1.896875565649335016e+00
-1.704200509601001556e+00
-3.239591197860111293e+00
-2.170317694863413749e+00
-1.648420036000539213e+00
-1.589266858743014765e+00
-2.036237561084149661e+00
-1.468798904065177879e+00
-2.539782187188334817e+00
-1.780194115593369375e+00
-3.895037011788497594e+00
-4.033153584155235727e+00
-2.470401278831770853e+00
-2.735527471363084828e+00
-4.093120689980670690e+00
-2.467418776456325347e+00
-2.470524801098976653e+00
-2.262051187457776891e+00
-2.281399913580072436e+00
-1.622602349573147862e+00
-1.921352899023696992e+00
-1.535956853379403242e+00
-1.744211284817529517e+00
-1.562986658566632769e+00
-1.887087015953291314e+00
-2.410969606593921455e+00
-3.063417904960172855e+00
-2.941862855978468971e+00
-2.519156941466677679e+00
-3.770292277237211387e+00
-1.960895407561684678e+00
-1.969152750219025805e+00
-1.953402161955887451e+00
-1.960048315802040975e+00
-1.786514175958238582e+00
-2.356150408177345668e+00
-2.363137390425865902e+00
-1.894054389662938931e+00
-1.898595928124478860e+00
-2.123973667750156835e+00
-3.161654272650070041e+00
-3.061923888034685959e+00
-2.812418958353699594e+00
-2.742086952574291914e+00
-2.754214554384246227e+00
-4.639283122601898235e+00
-4.639283122601898235e+00
-4.468363174300750806e+00
-4.468363174300750806e+00
-4.325770626997164747e+00
-3.288496295536219804e+00
-2.317749077459669849e+00
-2.668404484161072787e+00
-2.394815084148632423e+00
-3.106646258588855680e+00
-3.056957038634982915e+00
-3.023167432677924538e+00
-2.162463212829360160e+00
-3.596895992807478848e+00
-3.272909733806523391e+00
-2.415625894216386627e+00
-2.314107278763424702e+00
-2.612901289914624670e+00
-1.962785850191997028e+00
-2.011885300741447224e+00
-2.190168971139463849e+00
-1.968179570457611050e+00
-2.072885617351893472e+00
-1.993738658113130668e+00
-2.721618971139463383e+00
-1.938250136334985996e+00
-2.231072209913580906e+00
-1.895993625850003639e+00
-2.045527879721547038e+00
-2.331177608433755211e+00
-2.265001734898628882e+00
-2.403775960082105811e+00
-3.090385995391237373e+00
-2.598708524882837878e+00
-1.916269271838348942e+00
-2.057255134624210058e+00
-2.940797854907652109e+00
-2.028167770874359732e+00
-2.936964986935784339e+00
-2.151360930302478991e+00
-2.647916172906029431e+00
-1.916040656430460842e+00
-2.759873289150828413e+00
-4.265786708375264524e+00
-3.801461276462928751e+00
-3.801461276462928751e+00
-2.548390692921485012e+00
-2.681085747437812472e+00
-2.297509089612878697e+00
-2.547632352843905323e+00
-2.664081966455940531e+00
-2.564348776960327925e+00
-2.143117448604344943e+00
-2.508598922575522749e+00
-2.601805618205474957e+00
-2.639602826931902513e+00
-2.996006782975859650e+00
-2.384431192045227021e+00
-2.397426728974647148e+00
-3.536364823219658504e+00
-3.043218883529146268e+00
-2.376211180006821522e+00
-2.221337498688141565e+00
-2.593951580342377383e+00
-2.837848120302094657e+00
-2.444994341037880048e+00
-2.735795812609786992e+00
-4.142855958578843811e+00
-3.476630473102570562e+00
-2.969517069104540496e+00
-2.957960329898384089e+00
-2.294603944318808431e+00
-5.929040122062513518e+00
-2.461904991188394121e+00
-4.993145138517018466e+00
-1.606420585692138303e+00
-3.149270283748718313e+00
-2.451506490143383843e+00
-1.413061841128117280e+00
-1.481598857944579350e+00
-1.565843596162672213e+00
-4.240704762299435160e+00
-4.143963650886536954e+00
-4.190027031064592400e+00
-1.926798078620514332e+00
-2.439400336297229188e+00
-1.984128701681845186e+00
-1.844349431845985876e+00
-1.898276739538292901e+00
-1.824054182451074979e+00
-1.966062321502178634e+00
-3.251425113531702493e+00
-3.136942596049184573e+00
-2.852017847375686088e+00
-2.930603078144915941e+00
-1.989216022622612101e+00
-3.368388410389897558e+00
-2.162993596162671395e+00
-3.249980040793433389e+00
-2.151700336297230010e+00
-3.277072506023992915e+00
-2.179510281473048039e+00
-1.459329930302478928e+00
-1.564705533112121572e+00
-2.245807005629881559e+00
-2.416774038596916085e+00
-1.652991846798435915e+00
-1.935816022622612209e+00
-1.967774264380853566e+00
-2.624477561084150423e+00
-2.758855134624210947e+00
-2.871750987657577525e+00
-2.149756853379402699e+00
-2.413562875769464711e+00
-2.537806931713520342e+00
-2.483674763881353442e+00
-2.937461950684827627e+00
-2.578917121523710776e+00
-2.466921517128106700e+00
-2.284208028604922447e+00
-2.361017259374152744e+00
-1.647054182451075377e+00
-2.393036563715261522e+00
-1.439043458625924643e+00
-1.718462826931903109e+00
-1.809988760997837787e+00
-1.745700928950494557e+00
-1.772482276857850536e+00
-3.046737234238889869e+00
-2.161621564477711033e+00
-1.779777165803443140e+00
-1.701043859963714766e+00
-1.678982569353367538e+00
-2.080040498147086581e+00
-2.306063818554816791e+00
-1.747897778933090507e+00
-1.724054081840556307e+00
-1.764141561407836178e+00
-1.819125929821691301e+00
-4.660528784008596048e+00
-1.536211608389608685e+00
-3.365532898264969930e+00
-3.365532898264969930e+00
-3.232974193811528174e+00
-3.005467513407850788e+00
-2.837535876758753517e+00
-3.019896016618893952e+00
-2.053238161422864749e+00
-2.225470232736508791e+00
-2.213777333852975815e+00
-2.198664238470385612e+00
-3.327255572360682478e+00
-2.498768330314918629e+00
-2.855318120524708903e+00
-1.435547890754479639e+00
-1.561699699884401937e+00
-2.321257426674206314e+00
-2.541149734366515034e+00
-2.044723586524078485e+00
-2.866925610815577841e+00
-3.094060833487642270e+00
-3.094060833487642270e+00
-2.914123379589655727e+00
-2.858889813156089588e+00
-3.016633469239616616e+00
-4.027723562435124194e+00
-3.472000638007227025e+00
-2.618167670974258954e+00
-2.618167670974258954e+00
-2.622708606766993356e+00
-2.622708606766993356e+00
-2.649402533892500244e+00
-2.649402533892500244e+00
-2.612950712030151834e+00
-2.612950712030151834e+00
-3.217918965135744713e+00
-2.824754355754848234e+00
-2.400869366675513206e+00
-2.400869366675513206e+00
-2.403761674367821399e+00
-2.403761674367821399e+00
-3.156709715701381036e+00
-2.528703046712122315e+00
-2.139056167656024243e+00
-1.879469433651859589e+00
-2.338958344624620267e+00
-2.334179323645599879e+00
-2.454295888330914721e+00
-2.702705197771473777e+00
-3.040904314917864504e+00
-3.067040314917864663e+00
-2.192240349005746936e+00
-2.188196562023499325e+00
-2.826649816461369369e+00
-3.075930209250273606e+00
-2.897131392356756763e+00
-2.557508028604921435e+00
-2.160533090732947414e+00
-1.977746134211209039e+00
-1.974317706117563631e+00
-2.456763413220306447e+00
-2.622474734484759651e+00
-2.104074629194485624e+00
-2.751436233525309305e+00
-2.254024365393441087e+00
-2.408688541217617995e+00
-2.249643596162671955e+00
-2.404182607151682305e+00
-1.637946289752436613e+00
-2.445587230494279396e+00
-3.131163647316856036e+00
-2.401838971139463652e+00
-1.598472169520029240e+00
-1.398608610753829140e+00
-1.707603099869375640e+00
-1.808139157561685195e+00
-2.140766535549001759e+00
-2.218913545687094313e+00
-1.847672508769061750e+00
-1.658016680366692697e+00
-2.109706621195096332e+00
-2.969980658766022685e+00
-2.429773478481042304e+00
-2.158403343609098357e+00
-2.306359524224887991e+00
-2.906261794263318876e+00
-1.724054081840556307e+00
-1.701043859963714766e+00
-1.524817371669403343e+00
-1.762272643989536647e+00
-1.623070352616629464e+00
-1.644585398425254752e+00
-1.742902740143382090e+00
-2.160664365393442310e+00
-2.076128973995251314e+00
-1.675282057701133809e+00
-1.813410739019813533e+00
-4.222457253370434316e+00
-3.692598291036596869e+00
-1.550402700008847390e+00
-1.419592443598590492e+00
-1.836100622610173261e+00
-1.758456930302479293e+00
-1.520125853379402869e+00
-2.621822855978468425e+00
-3.187057039275086545e+00
-3.158741960452222663e+00
-3.158947432326825400e+00
-2.877059520664664305e+00
-3.209749561062741563e+00
-2.491029237994787593e+00
-2.661594653900939633e+00
-1.607063322719469056e+00
-1.739797237994787693e+00
-3.882831429025391579e+00
-3.350350392578233638e+00
-3.490267648295488634e+00
-2.718767072178623678e+00
-2.840680585692137328e+00
-3.979250625338833558e+00
-3.340741960452222159e+00
-3.932892725930550171e+00
-3.493690627593096565e+00
-4.183083411671969287e+00
-3.853114180902737829e+00
-4.171621873210431097e+00
-3.999032129620687215e+00
-3.154070887456251526e+00
-3.190320280665719821e+00
-3.110394708260984409e+00
-3.110394708260984409e+00
-2.460467353263041446e+00
-3.086323379589655858e+00
-2.316349899811628532e+00
-2.563070272059201571e+00
-2.325673855891910335e+00
-2.325673855891910335e+00
-1.584248633029417874e+00
-2.415534496911273976e+00
-3.214932744215309057e+00
-2.412298085966567029e+00
-2.916295894216386131e+00
-1.533938317066459334e+00
-1.809306022622612531e+00
-3.667678472477323481e+00
-1.797823762279909587e+00
-4.468977030169631881e+00
-3.810696462760300385e+00
-2.275119744005108302e+00
-3.164895514517948705e+00
-3.164895514517948705e+00
-3.909354170443639198e+00
-3.320899446085180173e+00
-3.432455055568237157e+00
-3.432455055568237157e+00
-3.432455055568237157e+00
-3.723489601441514196e+00
-4.037372976131340607e+00
-3.978182901689653050e+00
-3.973958998119899277e+00
-3.408310579688420106e+00
-3.125313738105669259e+00
-2.920534558822573956e+00
-3.304908689124832932e+00
-3.451200139138235201e+00
-3.057808495065055254e+00
-3.873912504186102446e+00
-3.142867535372811716e+00
-3.083723994515924716e+00
-2.932228656520585730e+00
-3.418978201557595575e+00
-3.214000421990683698e+00
-3.675776780683165157e+00
-5.257994143944562104e+00
-1.806717421224009357e+00
-1.665209728916316578e+00
-3.231119632327196456e+00
-2.602628980242817747e+00
-2.706395314917864781e+00
-2.465165119100145574e+00
-2.471006496623314064e+00
-2.554184951596504050e+00
-2.536001947811024948e+00
-2.428454231091096815e+00
-3.819883928706805598e+00
-5.045376491302163480e+00
-2.362744626943984017e+00
-3.560815041145168891e+00
-3.036569971693713121e+00
-5.083208855458950737e+00
-3.425940189069316411e+00
-3.225477171322681968e+00
-2.052527575393851222e+00
-2.991471845878896474e+00
-4.127436662460793215e+00
-4.127436662460793215e+00
-3.599682690839606458e+00
-3.256341702248592540e+00
-3.377715520521667791e+00
-3.555051304370609344e+00
-3.825067863450009042e+00
-3.336718791831972730e+00
-3.352673852141251132e+00
-3.352673852141251132e+00
-3.352673852141251132e+00
-3.349132524098004993e+00
-3.352673852141251132e+00
-3.288588917102703846e+00
-3.288588917102703846e+00
-3.288588917102703846e+00
-4.485899873949730221e+00
-3.295176279481215609e+00
-3.939158998119898669e+00
-3.577596388328794674e+00
-3.140712507156635525e+00
-3.155891804055055871e+00
-3.140712507156635525e+00
-3.140712507156635525e+00
-3.556960789044358862e+00
-3.240376568334942142e+00
-4.115870174254336433e+00
-3.428871203228889719e+00
-3.533802581448297175e+00
-3.160703441690727367e+00
-2.847349009824622357e+00
-3.114879534537543293e+00
-3.006765238510601179e+00
-2.837547634376182515e+00
-3.271106844442631001e+00
-3.534254094182078809e+00
-2.812285587840001710e+00
-3.704313082782803690e+00
-3.275850833267613282e+00
-2.585958428153038113e+00
-2.794033541275208421e+00
-3.004980548286161124e+00
-2.596009567066460022e+00
-2.348318048286161641e+00
-2.168547237994786769e+00
-2.128429567066460137e+00
-1.482143250136001456e+00
-2.037178212991548776e+00
-1.918374140593357424e+00
-1.794733720902797813e+00
-3.290742399076576064e+00
-2.941810638007227752e+00
-1.998305134624210666e+00
-2.213109664030289636e+00
-2.173797293525620233e+00
-1.951434182451075472e+00
-2.791465894216386801e+00
-1.930748028604920563e+00
-1.736316494176476155e+00
-2.022592176468766212e+00
-1.382300135906282534e+00
-1.200633469239615891e+00
-2.545057343569428809e+00
-2.168382976142970264e+00
-1.200653449519725413e+00
-1.319600302666579239e+00
-1.143012007225557625e+00
-1.009972622610174398e+00
-1.514177259374152484e+00
-1.091689696345842009e+00
-1.907782004038150347e+00
-1.796649738028298415e+00
-1.398330372596648274e+00
-2.075268408550972055e+00
-2.128971753943417866e+00
-1.069779830980486679e+00
-3.313673619205520282e+00
-3.061660838140430663e+00
-2.696596696128596093e+00
-2.399835986069424720e+00
-3.131149009824621743e+00
-2.385146663447155646e+00
-2.866665459528764615e+00
-2.488170543027857562e+00
-2.466717200320037051e+00
-2.614740769853950653e+00
-2.858586071533151696e+00
-2.906664787545732764e+00
-1.642551195726994706e+00
-2.576401431677712850e+00
-2.301319867021586418e+00
-2.032244971363084574e+00
-2.558781108753995781e+00
-3.325479773051673860e+00
-1.639254355754847126e+00
-2.019235351229960784e+00
-2.510041589570134235e+00
-5.519409278680678099e+00
-2.016459889647105541e+00
-1.976462371036681986e+00
-1.604070520683855250e+00
-2.802582639932708730e+00
-1.777452873625032126e+00
-2.481794627248060436e+00
-2.893235662024661536e+00
-2.649951960674837181e+00
-2.685624687947564482e+00
-2.135557281363871240e+00
-2.664472979236629513e+00
-2.391897442316517797e+00
-3.138188410389896710e+00
-2.554756520439083189e+00
-1.591912826931903169e+00
-2.034643596162672097e+00
-2.093328211547287765e+00
-3.082656226638492925e+00
-1.671724253715529684e+00
-1.665759310448386543e+00
-3.926171272268061507e+00
-2.257946289752435831e+00
-2.242542443598591007e+00
-2.176372663378810302e+00
-2.347021564477710598e+00
-3.757692287613807025e+00
-1.845562648022628593e+00
-1.744678211547288527e+00
-2.949061508006440846e+00
-1.866201288470364261e+00
-2.743033715706975073e+00
-2.168995373518072256e+00
-2.290640498147087811e+00
-2.952041616693012571e+00
-1.803191084148634715e+00
-3.312543407216588243e+00
-3.243728277999831100e+00
-2.927823212829359534e+00
-3.371485720680123421e+00
-3.308686837702631500e+00
-2.545027080325567681e+00
-1.464438597444743806e+00
-2.804387204549971813e+00
-1.528130905137050632e+00
-3.207839301500197138e+00
-1.987361786489771021e+00
-2.763450141690066530e+00
-2.601775833312514052e+00
-3.871338630170116701e+00
-2.572618797835691140e+00
-1.509568391840943491e+00
-3.380326395870667966e+00
-2.327500977810466054e+00
-1.700150415252313252e+00
-2.296260699533249294e+00
-2.528518391840941959e+00
-2.433899099545687505e+00
-1.484788050594641362e+00
-2.469326484139665823e+00
-1.308654683579783651e+00
-2.538167555080431015e+00
-2.639997668364102879e+00
-3.541731189723273943e+00
-3.629737964871204703e+00
-2.803461195726994148e+00
-2.908471580342379070e+00
-3.797918505358255814e+00
-3.446045387477655098e+00
-3.446045387477655098e+00
-1.639191360562159971e+00
-2.312985928124476231e+00
-2.595032081970630955e+00
-4.445429457410929430e+00
-3.139984443675242431e+00
-4.438022855978468684e+00
-2.930922264262491694e+00
-2.931056582063170879e+00
-1.189706490143384698e+00
-2.293602939695816190e+00
-3.356563391840941435e+00
-2.274523586524079377e+00
-3.040583920954279762e+00
-2.032358776456327121e+00
-2.820790847797436385e+00
-2.088618220424809380e+00
-2.521269237994788526e+00
-2.380796629984379464e+00
-1.744686870101809006e+00
-1.689236774148248799e+00
-1.310682067066460732e+00
-1.237699855527999659e+00
-1.576161674367821064e+00
-1.569548554414829766e+00
-3.178651363096426152e+00
-2.863989447606682504e+00
-2.243923379589656264e+00
-2.639649360671795009e+00
-1.548220336297230659e+00
-3.301492266633033523e+00
-2.559202700008846421e+00
-2.079497259374152307e+00
-2.247995720912614459e+00
-2.468604869634093646e+00
-2.500819883086158768e+00
-1.832641894148041573e+00
-1.741533558909132751e+00
-2.566980503597283914e+00
-2.580566572949416937e+00
-2.675226204954750386e+00
-3.087385124985617679e+00
-3.131654355754848851e+00
-2.952736702132314761e+00
-3.632179868776457710e+00
-3.387345247388124037e+00
-4.108141401234277623e+00
-2.467787561084149317e+00
-3.696862176468764360e+00
-1.292748227116089055e+00
-2.291268161738960529e+00
-1.370547442316517817e+00
-2.308967652195972775e+00
-1.417351808575789462e+00
-1.945179779055392189e+00
-2.338552693617328870e+00
-3.182877663670776514e+00
-2.365140245796391483e+00
-2.324274494880640418e+00
-2.502911222525048274e+00
-3.621438971139463447e+00
-2.130201278831771461e+00
-1.555945894216385739e+00
-2.887318783580278492e+00
-1.524155143989538885e+00
-1.688149855527999676e+00
-1.925183028604919855e+00
-2.024023212829359153e+00
-1.461704951681845444e+00
-2.707428007225557209e+00
-4.446291072816079826e+00
-2.038249855527999088e+00
-3.016707018874395629e+00
-3.056421046023718446e+00
-4.431760316038098502e+00
-3.798053625209238504e+00
-2.517654955714936804e+00
-2.227874598669828288e+00
-2.683485124985617531e+00
-3.142835254728504779e+00
-2.806235732273066219e+00
-2.832400509601001204e+00
-4.327584584929518918e+00
-2.765902938501382025e+00
-2.647053208194902751e+00
-2.610416314917864966e+00
-3.804875308914146714e+00
-2.433545314917864744e+00
-3.545502231991068953e+00
-4.395562048062539695e+00
-3.665108330314918561e+00
-2.533168391840941780e+00
-2.270948028604921731e+00
-2.647584846928694446e+00
-1.957226776456325368e+00
-2.645665932901545503e+00
-1.992820466945870450e+00
-2.783230638007227142e+00
-2.435796022622611190e+00
-2.002148503419300951e+00
-2.529754359389723817e+00
-1.936895970307523029e+00
-2.083622597526456843e+00
-2.403163425928823926e+00
-3.056888195904976513e+00
-1.556299539106127838e+00
-1.775341407237995384e+00
-2.348136016618893152e+00
-2.396085247388123562e+00
-1.653100638007225953e+00
-1.552224804953880266e+00
-2.782701237994787746e+00
-3.704189172837860866e+00
-1.640894008960284367e+00
-2.120491105527998243e+00
-2.782967543145520750e+00
-2.544331956270147188e+00
-3.163040868447016152e+00
-4.020286907112335939e+00
-3.077314072560965563e+00
-3.044607508769061610e+00
-1.637111552271409920e+00
-1.577318402365740724e+00
-4.551708426290140608e+00
-4.434565349367064258e+00
-4.167765760705292699e+00
-1.690713408123533767e+00
-1.334678616405586382e+00
-1.898793124758768158e+00
-1.237589473495749104e+00
-1.430583616952693760e+00
-1.382021038990115969e+00
-1.927496345820800983e+00
-2.681085747437812472e+00
-3.803398791831972048e+00
-3.452406491322635773e+00
-3.479717552905414735e+00
-1.530240453329856365e+00
-2.547632352843905323e+00
-2.508598922575522749e+00
-2.601805618205474957e+00
-3.692222458937234997e+00
-2.593951580342377383e+00
-2.567232735686710399e+00
-2.862751234807381806e+00
-3.083384751290897619e+00
-3.083384751290897619e+00
-3.104216635287433412e+00
-2.772800685356832773e+00
-2.917666069972217002e+00
-2.848717168873315941e+00
-2.848717168873315941e+00
-2.723135903854979389e+00
-2.657589750008826357e+00
-2.716245838978375460e+00
-2.729341620616093422e+00
-1.918379256785403442e+00
-2.154558393529191207e+00
-2.094812826931903516e+00
-2.294993907061321892e+00
-1.508029567066461851e+00
-1.584835300741445963e+00
-2.206300642723077132e+00
-2.317003206825640760e+00
-1.652597571803717358e+00
-1.823310392316539463e+00
-2.459007436312798944e+00
-3.342639146895294289e+00
-2.365441894148039736e+00
-2.365441894148039736e+00
-2.579572663378810304e+00
-2.011771105527998316e+00
-2.199723212829358232e+00
-2.199723212829358232e+00
-2.244332553488700199e+00
-2.246028707334852825e+00
-2.721982694005127712e+00
-2.150464238470384259e+00
-2.176679623085769677e+00
-2.117320648726796151e+00
-2.164735903854978716e+00
-2.188535903854980091e+00
-1.674274365393440434e+00
-1.772482276857850536e+00
-1.839984838984696225e+00
-3.929316692321217275e+00
-4.362120700351797886e+00
-2.563239798846387529e+00
-5.594495514517948465e+00
-2.459869366675512481e+00
-2.125230905137051707e+00
-2.698709041226882377e+00
-3.114485343006873741e+00
-3.145782976142969645e+00
-3.238797177326401489e+00
-3.238797177326401489e+00
-3.719789348861150202e+00
-3.093528907725800359e+00
-2.891356853379402736e+00
-3.063551084148634196e+00
-2.962806468764018319e+00
-3.052347237994787577e+00
-3.098375438985994101e+00
-2.795752657375091488e+00
-2.822490569463003141e+00
-1.946482161071710237e+00
-2.170175260248351279e+00
-2.118166736233012770e+00
-2.517239104261538074e+00
-2.375926171409242116e+00
-2.069457532355986729e+00
-2.444404050930510053e+00
-1.483474494880640648e+00
-1.572912930302480916e+00
-2.220408001221837679e+00
-2.344948385837223981e+00
-1.649593391840943113e+00
-1.841645314917863985e+00
-2.745132792624458418e+00
-2.447192314917863598e+00
-2.958407828213974966e+00
-2.375792443598589543e+00
-2.261587391840940597e+00
-2.369869853379402258e+00
-2.313449545687094044e+00
-2.954421462760301154e+00
-2.800550308914145248e+00
-2.969646462760300309e+00
-2.209693391840941601e+00
-2.415331853379402816e+00
-2.299935699533248723e+00
-2.624379930302479735e+00
-2.194446456512732624e+00
-2.892741266942580936e+00
-2.190759875632966924e+00
-2.875406733534573434e+00
-2.926734425842266063e+00
-2.324028211547288336e+00
-1.659397505463781286e+00
-1.731979993976160870e+00
-2.486453697097326554e+00
-1.815974107959345218e+00
-2.120511502550330718e+00
-1.866152154278097441e+00
-1.724054081840556307e+00
-2.309995664394945081e+00
-1.747897778933090507e+00
-1.592133769187181969e+00
-1.770289750008826601e+00
-1.756115458510850047e+00
-1.828189028747630118e+00
-2.033451827780099919e+00
-3.144451099524281368e+00
-3.978142933031141304e+00
-2.388559536173350040e+00
-2.059511397894068452e+00
-2.203966384042587379e+00
-5.608161935750935356e+00
-2.351261652759914611e+00
-1.738585398425254169e+00
-3.246949009824622756e+00
-2.666984388436288711e+00
-2.360656702132315488e+00
-2.073505932901545279e+00
-2.361256702132315866e+00
-1.971062371036683913e+00
-3.106524779055392038e+00
-3.010441125209237789e+00
-2.390954355754848493e+00
-2.390954355754848493e+00
-2.160800509601001451e+00
-3.526618234590134904e+00
-2.780032471363083957e+00
-2.830115163670775758e+00
-2.198472237994787193e+00
-2.539894957743577208e+00
-2.302211378509833040e+00
-2.523901815704650886e+00
-1.781442841476575722e+00
-1.606591682451075087e+00
-1.742726130601244705e+00
-3.156540535139839676e+00
-3.237224952158054947e+00
-3.400240330293510915e+00
-3.683791099524281520e+00
-3.225537392508192269e+00
-3.505326283748718019e+00
-3.826490386312819680e+00
-1.436063733353538652e+00
-1.273051675864609322e+00
-1.584566313565877849e+00
-1.332486581840555573e+00
-1.541575585692140038e+00
-1.618533840130009338e+00
-1.636135207260780433e+00
-1.857345528604922080e+00
-1.702352730667481495e+00
-1.570382437413554655e+00
-1.537272890064052433e+00
-1.716597893384445683e+00
-2.357316924298761052e+00
-1.709306705450408970e+00
-1.603152112382446148e+00
-1.453058096528925702e+00
-1.672592030623803794e+00
-1.562732057701134991e+00
-1.554293828358780161e+00
-1.845881470452269468e+00
-2.288553701681845354e+00
-1.934549602320402073e+00
-1.534622922023952896e+00
-1.645171580342378093e+00
-1.274855423145863753e+00
-1.319869366675513689e+00
-1.637638613309409408e+00
-1.583304431845984794e+00
-1.705866468764018151e+00
-3.056682322996285173e+00
-1.962384431845983102e+00
-2.255730502914992996e+00
-1.860403552358064871e+00
-1.210756729312876701e+00
-1.372866396572671732e+00
-1.917930206224031764e+00
-1.332931105527999094e+00
-2.366460727315844892e+00
-2.159640461345226470e+00
-1.961430509601001404e+00
-2.001040559929005980e+00
-2.855845084815884505e+00
-2.407065995796978441e+00
-1.616680336297228848e+00
-2.395821338693773228e+00
-1.644418438293550722e+00
-2.626385128620492893e+00
-1.226916465329487949e+00
-2.160912051697415848e+00
-1.457377795746872096e+00
-1.938972437594872034e+00
-2.007204305726739690e+00
-2.007204305726739690e+00
-1.304519234049516641e+00
-2.310820805107891118e+00
-2.225380145767230644e+00
-2.318158140942788492e+00
-1.631806745177541984e+00
-1.660918402953365458e+00
-1.849510352616629660e+00
-1.561371134430823204e+00
-1.577180970307521690e+00
-2.105461678589520602e+00
-1.556588274679436168e+00
-1.659674629194487494e+00
-1.623963939030216963e+00
-2.737257532355986456e+00
-2.920125611022504231e+00
-4.059281279196954806e+00
-1.879067775163576925e+00
-3.291454426562228974e+00
-3.583826960073084322e+00
-3.298215369696532839e+00
-2.814459419843391430e+00
-4.272897456668424354e+00
-4.272897456668424354e+00
-4.385148738719706785e+00
-4.385148738719706785e+00
-4.272897456668424354e+00
-4.699838560267681764e+00
-4.694409913052827399e+00
-2.055922855978469244e+00
-2.344303918198919590e+00
-3.198115455660624384e+00
-3.480064680426137258e+00
-4.168786375635062491e+00
-3.253613221540194722e+00
-3.253613221540194722e+00
-3.102681037763046490e+00
-2.356592817293309494e+00
-3.934895888212668780e+00
-1.866269934804563491e+00
-2.798084394440007117e+00
-2.323678843345959422e+00
-1.756171709952493387e+00
-2.391919567066461028e+00
-2.487070967677556865e+00
-3.081077561084150318e+00
-2.096319310448386375e+00
-3.461702855978469273e+00
-2.004433681655699573e+00
-2.621694911283768192e+00
-3.745124240276529903e+00
-1.989205853379402811e+00
-2.877786482451680783e+00
-2.074482057701132476e+00
-3.843688050594639805e+00
-2.590915391840942661e+00
-2.062960342777158118e+00
-2.626292277237210371e+00
-1.644378032638012854e+00
-2.428671699533248685e+00
-2.599710468764017790e+00
-1.315700685356832267e+00
-1.729415894216387528e+00
-2.059951188334034455e+00
-1.405207426792452807e+00
-1.964415354160287563e+00
-1.738303815698749588e+00
-1.654335903854979861e+00
-1.703009420338496227e+00
-1.310479117968922580e+00
-1.348652050918326850e+00
-1.763662622610173258e+00
-1.840700916924554065e+00
-1.909022656054986555e+00
-1.996981853379404370e+00
-1.693336354922907461e+00
-1.766652183325273739e+00
-3.332572437594871317e+00
-2.371296855067653198e+00
-1.715707844078643518e+00
-1.754206664770146418e+00
-2.368941874758768051e+00
-3.357036022622612137e+00
-2.706344971363083829e+00
-3.085687471363084633e+00
-2.164830186599262518e+00
-1.897767085676880683e+00
-1.666933169799447612e+00
-1.655343413220306203e+00
-1.711119699692455143e+00
-2.610805325636555096e+00
-2.711169200314134997e+00
-2.739536508006441551e+00
-2.920457058983206622e+00
-2.405246993807889311e+00
-2.507971822210256718e+00
-4.491373385837222898e+00
-3.078873674367821778e+00
-2.671803413220306567e+00
-1.697566976224683444e+00
-1.681182057701136046e+00
-1.726745684074758813e+00
-1.568778707334853806e+00
-1.646177058983205654e+00
-1.428185850191995954e+00
-1.470120648726796375e+00
-2.568950926033490845e+00
-1.460547442316517674e+00
-1.503808980778057247e+00
-1.872202835809423149e+00
-1.954095253391843201e+00
-2.079526232077627768e+00
-2.204397237994786707e+00
-1.603250492432657381e+00
-1.773887084148634941e+00
-1.606472385923781943e+00
-1.729638086807163688e+00
-2.235448798542345017e+00
-2.463446663447156126e+00
-3.824416702132314327e+00
-2.353399544190304837e+00
-2.382257058983206832e+00
-1.696418084624230715e+00
-1.885942739456579531e+00
-1.761109011645928035e+00
-1.969530905137053978e+00
-3.797482165933489640e+00
-3.243046566069443415e+00
-3.611396398560350107e+00
-3.516353373336125188e+00
-3.458373214017340658e+00
-3.919675781957432825e+00
-1.973561317516930202e+00
-2.765864101900113781e+00
-2.581121039345019241e+00
-2.346844116268098190e+00
-3.427942228442208972e+00
-3.001147568424531897e+00
-2.567664745924727043e+00
-1.841613388522848282e+00
-1.542224751290897089e+00
-3.484739099545688390e+00
-1.648819883086158455e+00
-1.708811542818924778e+00
-1.460966673085749790e+00
-3.947358803839408736e+00
-2.899361762654253383e+00
-2.950812160532237272e+00
-2.878589477817317999e+00
-1.555730492162265222e+00
-2.846051904049442527e+00
-2.937415282531425476e+00
-3.328506337411701210e+00
-2.577212822354752575e+00
-2.925452728184813722e+00
-2.908212729682992048e+00
-4.577292137172742414e+00
-2.853968028604921159e+00
-3.744452842832146189e+00
-4.343401360389917976e+00
-4.223057406517909840e+00
-3.417037471575744334e+00
-1.380525776931923687e+00
-4.242610266559793786e+00
-5.352682315498460852e+00
-5.063385683393967440e+00
-4.352373364349256590e+00
-3.940793359782132299e+00
-3.665657052979486963e+00
-2.399068267774415730e+00
-3.454307330446721558e+00
-3.361534879641713047e+00
-1.747133027152965923e+00
-2.765827793360129405e+00
-3.488574383397921252e+00
-3.486675964303803887e+00
-2.844992443598590270e+00
-2.702331771198046795e+00
-2.833892522946300119e+00
-2.833892522946300119e+00
-2.856474182451076871e+00
-2.245218329484474751e+00
-2.325209692230490788e+00
-1.659028211547287412e+00
-3.292160637176781535e+00
-3.569838101556287668e+00
-3.345899222897915415e+00
-3.348258844882371577e+00
-3.414221550020906548e+00
-3.053209801163009551e+00
-2.665663476842439650e+00
-1.806450462760299303e+00
-1.806450462760299303e+00
-2.639484548655794072e+00
-2.175088974774338269e+00
-2.113059208466660621e+00
-1.608031407237996646e+00
-2.529787391840940813e+00
-2.397057645323922515e+00
-1.925141288470365808e+00
-2.995202642441199714e+00
-3.113130905137051485e+00
-3.324756546162692672e+00
-3.214204202972555713e+00
-3.214204202972555713e+00
-2.928984421177865727e+00
-3.210758708586547883e+00
-3.214204202972555713e+00
-3.245033469239616331e+00
-2.997124320856251245e+00
-3.152676590990409977e+00
-2.960429611820890372e+00
-3.726800842906206057e+00
-3.347851363096427058e+00
-3.251823882030967283e+00
-3.074250254766603518e+00
-3.184572729682992431e+00
-2.568031144929898701e+00
-1.893579630431823091e+00
-2.184690184993542061e+00
-2.872280595545500859e+00
-3.164407132327196059e+00
-2.458761998034432850e+00
-2.655586657443436138e+00
-2.498789428707286930e+00
-2.218502282765236089e+00
-2.587150553618574378e+00
-2.568772430000269225e+00
-2.772389121502303766e+00
-3.519379417064442350e+00
-1.967067026416565056e+00
-4.623166932377182903e+00
-2.482274355754848116e+00
-5.054115129145088758e+00
-3.835803766903747025e+00
-1.923324311730457481e+00
-3.189964638330914148e+00
-2.771056663447154733e+00
-3.521627380865346879e+00
-2.219031278831771203e+00
-2.666671123391056497e+00
-2.475131370779987350e+00
-3.604435525661726203e+00
-2.147949589056176833e+00
-3.136571689082375158e+00
-1.982986161071710995e+00
-3.381969642992520342e+00
-3.185782228442208819e+00
-3.356744122946794917e+00
-4.448047398003866171e+00
-1.828702193061154446e+00
-1.570621369100145159e+00
-3.352650548286160159e+00
-2.681830826343082563e+00
-2.681830826343082563e+00
-3.121050548286160797e+00
-3.431327571139124899e+00
-3.347035802842391661e+00
-1.667797853379402895e+00
-1.521981237994786795e+00
-2.280581442381299340e+00
-2.843624273175759498e+00
-1.469671631337908124e+00
-3.910605471488035612e+00
-2.246178089218117790e+00
-2.577283059132934540e+00
-1.888591354922906973e+00
-1.610483668254467204e+00
-1.701333840130008213e+00
-2.887854431845985559e+00
-2.201535201076753268e+00
-2.085532124153676392e+00
-2.118854081840556347e+00
-1.869894200314133670e+00
-3.635786484139664765e+00
-2.771098591441024439e+00
-3.451730879744060232e+00
-2.402629209435797719e+00
-1.679858715787938550e+00
-2.229793391840940942e+00
-2.156708330314918598e+00
-4.311724367155752802e+00
-4.064765163670776005e+00
-3.597469318311754982e+00
-2.205274161071711703e+00
-3.384278324311201125e+00
-3.856176486563724026e+00
-3.589418914832741336e+00
-3.196337424586112697e+00
-1.624914971071117265e+00
-2.625941108919150224e+00
-2.490116386582661434e+00
-2.614441365626730018e+00
-2.649225149410511904e+00
-1.891105362312814009e+00
-3.078457503622379576e+00
-1.558420519239597013e+00
-1.616422104394262149e+00
-2.200198478481041775e+00
-1.671384918051193935e+00
-2.259274593082045257e+00
-2.260150158692905364e+00
-2.122800384937249873e+00
-1.985466900774351728e+00
-2.051612890079166363e+00
-2.008537514408311964e+00
-1.709786964957764610e+00
-4.011368153700795247e+00
-2.241278625209238484e+00
-2.759942855978469112e+00
-3.674483411671969790e+00
-1.485908201908692661e+00
-1.952325848967518596e+00
-3.015463499548701520e+00
-1.666710575466721522e+00
-1.542219446023221252e+00
-1.822051105527998871e+00
-3.037580130833338998e+00
-1.830552650469464027e+00
-1.679555720912613737e+00
-1.764683668254464877e+00
-1.740482057701132845e+00
-1.983122690955296363e+00
-1.585534568400843725e+00
-4.872328215440094645e+00
-4.412362643796773121e+00
-4.412362643796773121e+00
-4.491799966146325929e+00
-4.420935012876652692e+00
-1.740396839202986712e+00
-1.863100622610172508e+00
-2.794652811920270707e+00
-3.211006931713520807e+00
-4.217665618409217387e+00
-5.072624017397425966e+00
-3.441688974774338661e+00
-3.300992842832146223e+00
-2.879638155227198126e+00
-3.230926568334940185e+00
-2.875359068039136545e+00
-1.662187622610172610e+00
-1.514091468764018344e+00
-1.585981853379403006e+00
-1.551931853379402426e+00
-1.507860699533248194e+00
-3.803178130075680841e+00
-4.440646211532412124e+00
-1.784222690955296287e+00
-3.916650728528327186e+00
-4.016904830702684670e+00
