-7.468313778028689676e+00
-5.608155995347675615e-01
-2.304726021150087512e+00
1.071797275465250276e+00
9.242750511603733399e-01
-7.139821873010400166e-01
8.171350982670951835e-01
2.294393285507260405e+00
1.055684502450305207e+00
-1.504643937412101229e+00
2.866669181161163316e-02
4.760782881412287670e-01
1.081560825480247123e+00
1.241371643323323726e+00
-5.853335435805980813e-01
-1.998663540433126107e+00
-4.138955721992472192e+00
-3.669950596800921616e+00
-3.439384915289694922e-01
-1.879201818877686225e+00
1.363940386058413612e+00
5.607548431826104851e-01
-1.153985992684988693e+00
-2.357119584218596575e+00
-1.609689171964084453e+00
-1.503973492161744030e+00
-8.447558673416174502e-01
-1.077697517239373459e+00
6.809701843811682975e-01
-5.138455831367882976e-01
-1.630999633929974546e-01
3.688222793883580986e-01
-7.041001517926565034e-01
-7.078186817915949058e-01
-2.497259232457803790e+00
5.657997575777370391e-01
-2.234403818358678961e+00
-8.095806604142715690e-01
-1.675786265944206599e-01
5.537916469465099523e-01
1.401493739748353173e-01
-8.911506540827481837e-01
-8.057611377199423996e-01
-7.556720431661595461e-01
-6.161260008252330556e-01
3.797049944697130641e-01
5.712492050381011710e-01
1.112227820614647866e+00
-1.366971599214727551e+00
-9.683217914126774906e-01
8.611871401208529009e-02
1.969216116554414475e-01
-8.978792040881472536e-01
-8.675239588195272633e-01
-2.405236402930025719e+00
2.926829489011668617e-01
4.470034696586133727e-01
-7.717464896438249733e-01
-2.321126904271801017e+00
6.139830946526468880e-01
-1.980549373737013008e+00
-2.084282362634327868e+00
-3.038813702445072096e+00
-4.431462068686270461e-01
-2.104451379001442746e+00
1.896535994629594823e-01
-1.685241560086105650e-01
8.154659369810947078e-01
1.434717562207555419e+00
2.103315643239108912e+00
1.133929549018579230e+00
1.788015119740908432e+00
-2.447266883607068344e+00
1.968132198890070850e+00
3.945326087678682203e-01
-1.319241595040057557e+00
6.432899154336646497e-04
-1.371442880320774271e-01
1.011850011833605123e+00
-2.454209842302910172e+00
-1.646271593426366975e+00
-1.723238757315203928e+00
-1.438827973215592415e+00
1.655117345794392181e+00
1.336799593424709665e+00
5.439111081995702257e-01
7.033554397039900596e-01
-6.753844702858259330e-01
-4.751509276590777375e-01
-3.891899761108265077e-01
-7.889579482589869075e-01
-1.212273026540387821e+00
-2.889698110281105237e+00
-1.173704563273250345e+00
-7.017495814383929442e-01
2.629699313019835394e-01
1.764767445065914986e+00
2.753630997712516182e-01
-8.111363590076534069e-02
-2.777719335943870660e-02
-1.509324089823365256e+01
-1.509324089823365256e+01
-8.727978610382652880e-01
-2.660855776799949668e-01
-1.207222833212759250e+00
-4.866420427621083178e-01
6.067690041211961649e-01
2.311974903448481833e-01
-1.182196603199761331e-01
2.246403181445063846e-01
-5.931551822960313691e-01
7.083173675320438845e-01
3.809073268305709359e-01
1.287611919238456082e+00
1.980785555075668780e+00
1.723589159934122206e+00
1.157746873265030230e+00
8.349305600264889105e-01
9.089157026273062545e-01
5.740011563560709629e-01
1.698650019958327650e+00
1.631154043185836677e+00
1.897769756667663676e+00
1.651684942463743200e+00
1.491805610300197094e+00
1.599272774078746906e+00
1.359594525901387962e+00
2.782272791393174849e+00
3.020743909456908849e+00
2.780198906082524957e+00
-4.987997647732150819e-01
-9.426106213599002581e-01
1.074030092420193983e+00
2.153416012286588632e+00
1.883095361805268597e+00
1.861538451009843831e+00
1.577843285871082690e+00
-8.847658782056082583e-01
-1.229263615600523663e+00
3.593734807118864172e+00
3.367371154720055770e+00
1.409854969916965739e-01
-4.262915462359033736e-01
6.300870561203872899e-01
3.140335854159786999e-01
7.645872548352756759e-01
2.732819178643588032e+00
2.483717151480858920e+00
2.443767844445457360e+00
2.184841844107227704e+00
1.764394914683474314e+00
1.514192929073790994e+00
7.642809791374486350e-01
4.135769634911453663e-01
5.777107325362283996e-01
-5.164425211374791269e-01
1.431830334510279412e+00
1.174655973556878896e+00
3.809073268305709359e-01
2.471671672631259309e+00
1.519985029479607341e+00
1.223806977375396343e+00
1.218875390334124065e+00
9.109427984786618859e-01
1.381979839886061212e+00
-2.495180402179244972e+00
8.191017631436233737e-01
4.874749263240928387e-01
5.907212235953459567e-01
8.755047042352172015e-01
1.322458658007890309e+00
2.275985989218977379e-01
9.038155867585546677e-01
5.846029417236868753e-01
1.405942568721511021e+00
2.472594169063838110e-02
8.731921199858706517e-01
1.840461902214925560e+00
1.074802176270164056e+00
-1.437367761076993933e+00
-6.069956207351637767e-01
-4.015070237855905555e-01
7.060645307238718749e-01
6.427571312427837746e-01
9.928969325289466186e-01
4.658672892541407817e-01
-1.459139866779594508e+00
-4.699943829321807653e-01
4.605341775496759604e-01
1.006422075877071887e+00
8.979394976596788425e-01
7.417330472944583253e-01
7.446684209171546831e-01
1.025324512907872077e+00
5.772925202358213381e-01
1.305679203816636713e+00
7.381887011208291272e-01
2.167310931058294532e+00
1.509370810426099663e+00
1.298166871836403446e+00
2.094464452890237638e+00
9.266655653593753872e-01
2.858199202706926734e+00
1.409370099254790176e+00
2.366750260992946053e+00
2.607018166071186194e+00
4.740240591125746694e-02
2.401861117314703087e+00
1.290015562036396890e+00
2.133255464253714706e+00
-4.433395573231543318e-01
3.760649011024984834e+00
8.272676298076228063e-01
1.227928382181241007e+00
1.448151359760340373e+00
1.330996469634110335e+00
2.942939768036720416e+00
2.671856021459587893e+00
1.955481553025812946e+00
1.517374736105011612e+00
1.174588743693929072e+00
1.647565501036549751e+00
2.325564259771149278e-01
1.112607865649652528e+00
1.826957358280038468e+00
1.572216956710520197e+00
1.000482403770814210e+00
1.054422066684886694e+00
2.511881791233978034e-01
-2.016900907918218078e+00
1.459318218509058296e+00
1.058564555111067840e+00
1.135320898459164285e+00
1.979973028387561895e-01
1.979973028387561895e-01
-2.409483502558849854e-01
-2.398964241175042478e+00
-2.168556338158719399e+00
-2.168556338158719399e+00
-2.168556338158719399e+00
-2.168556338158719399e+00
-1.477494002304026388e+00
-1.477494002304026388e+00
-1.477494002304026388e+00
-8.580009495807249253e-01
-1.075134814530868566e+00
-1.075134814530868566e+00
-2.392547508847237658e+00
-1.641531549056139516e+00
-1.250565047252953699e+00
-4.600826643584182696e-01
-7.221989483011993505e-01
-4.200239606315395724e-01
-1.454793204917791127e-01
-2.401578689458710725e-01
-1.232283502764626615e+00
-2.534951242099734436e+00
-2.555850212072424466e+00
-1.512667700321093545e+00
-2.529844074322340042e+00
-1.111346306301210118e+00
-1.498716408884443352e+00
2.672568122463719886e-01
-4.395452113845241260e-02
-7.100445890809953253e-01
-1.533377600746438085e-01
-4.618268008967216787e-01
-5.534702022473836358e-01
-7.355791007720213770e-01
3.251990740467723962e-01
9.869609582940026549e-01
7.419018799214088800e-01
1.705037414319030109e+00
1.462571952950277643e+00
7.625395836742944189e-01
1.943662355969395517e+00
-4.688080514903946172e-01
-2.163086688540599434e-01
8.284098758112079519e-01
5.594887144379808719e-01
5.626942460148081082e-01
2.550531949821830402e-01
-8.329395957029786524e-02
1.327082646213557648e+00
1.597801237842237709e+00
1.366755527868313447e+00
1.184500980004780546e+00
1.095024309162167198e+00
2.519594447206128685e+00
2.153922362776662602e+00
-2.026751854430863808e+00
1.405592836034868842e+00
-5.023150530095958910e-01
1.686987326201835780e+00
-9.735396300904132216e-01
-1.506313072124412233e+00
1.115896948112559128e+00
6.948320079227435775e-01
1.848104442606666398e+00
1.622946171925708780e+00
1.553181086088751162e+00
1.317553364788123682e+00
-1.261948413833069216e+00
-1.581561082084815828e+00
3.298196280763825872e+00
2.937712409376075362e-01
-5.948947016299170887e-01
-5.733403622949532208e-01
-3.643981383137616659e-01
-7.769376426374442479e-01
1.077464270100135568e+00
-6.507463013014082032e-01
2.833881077981135199e-01
-6.337431846764537968e-03
5.012798404975572497e-01
-7.999381764941318473e-02
1.139327821777469940e-01
-1.056213951031232667e-01
3.439251754354254453e-01
2.686664511720733728e+00
2.432252980099879114e+00
2.141015389145192849e+00
1.924637493697687773e+00
4.544774148596122387e+00
1.478886410863929468e+00
1.271254783754601547e+00
6.001878633770156846e-01
4.156289097131367072e-01
1.214089272419280052e-01
-6.258561330540426959e-02
-1.309418528525140013e-01
1.194336616179902499e+00
9.298469953622018336e-01
1.134602280346786340e+00
8.908042728934970622e-01
5.077993807326015130e+00
6.047658749851957394e-01
2.843568186517608787e-01
-1.794666080122072349e-01
-1.068809730916064016e+00
-2.140518373434460830e+00
-2.699932268157775317e-01
1.545765463052376498e+00
2.519301092786426999e+00
2.315815639861668718e+00
1.203144871750538192e+00
9.530052244744730006e-01
8.873357579535949835e-01
6.253014034592355719e-01
6.535998776318946435e-01
-1.310968127736110933e+00
-1.046480821907339376e+00
-2.269973682123502534e-01
-3.131186949047535251e-01
-1.633016125416531850e+00
-1.061203087321755278e+00
-1.534234702010638163e+00
1.698412896366179758e+00
5.511402836386871673e-01
-3.190790972963645222e-01
-5.818963978445051977e-01
-1.721084423533499885e+00
-1.721084423533499885e+00
-8.777260423650636856e-01
-3.740015278556949596e-01
-1.044259736271125449e+00
-9.426127588584837236e-01
-1.811188899426303678e+00
-1.811188899426303678e+00
-1.811188899426303678e+00
-2.763545954865930021e+00
-2.487654687055332658e+00
-2.463841260080772422e+00
-8.153483026224425112e-01
1.323344371048239321e+00
1.831242527242771478e+00
-1.495739336509027906e+00
-1.187661104120346200e+00
-7.740680153868877422e-01
-7.740680153868877422e-01
-2.516214873322807577e+00
-2.516214873322807577e+00
-8.207975758277145095e-01
-5.632412438147191835e-01
-4.587089425297098622e+00
-4.587089425297098622e+00
-3.395585437259253325e+00
-6.043973776850366519e+00
-6.692759669116044030e+00
-5.721518616791554379e+00
-8.363906246660605115e-01
-3.392096262979621191e+00
-2.980184565274674569e+00
-2.412287099977638682e+00
-3.469022119144394622e+00
-4.261108074235191445e-01
6.151840708805056401e-01
1.009161095784698148e+00
-1.156198339261271801e+00
9.402449433026337511e-01
-9.218795516738825802e-01
1.148673978393375483e+00
-1.783007411578988677e+00
-1.335745344182339478e+00
3.794281839642651422e-01
3.794281839642651422e-01
8.453069903584988776e-01
2.669710654492843949e-01
-6.500879115203309078e-02
-7.709336903313018796e-01
7.588652977327794424e-01
-5.178336138281034451e-01
7.665346181704929540e-01
3.666785290153481425e-01
3.666785290153481425e-01
2.055687114027914486e+00
1.333888695355927689e+00
1.123025537206218560e+00
2.055558632624760573e+00
-3.954709567132838610e-02
2.013841675580442914e+00
1.876154491972987781e+00
9.679202020772825765e-01
1.047422427907368503e+00
1.433274084974292650e+00
-6.091536317993736516e-01
5.135470576526915409e-02
5.135470576526915409e-02
-3.675977846181217590e-01
8.355433831600942440e-01
2.003703013940567879e-01
-7.992827350738838099e-01
-2.780030940065496114e+00
-3.055506614757129702e-01
-3.055506614757129702e-01
-7.908433397771011397e-02
-7.908433397771011397e-02
4.547221158498779836e-01
1.092530112852619251e+00
1.343148374782042520e+00
1.937618732150978573e+00
1.117157895221419173e+00
8.932205700756297162e-01
-3.919418933655879345e-01
1.863050701132399789e+00
-3.578524486411602812e-01
1.784438383800606154e+00
7.107369936971337232e-01
9.533507801806561099e-01
8.550989542087186202e-01
1.499083427624589238e+00
1.240322290556311602e+00
-1.427072629409469151e+01
2.829577003924419465e-01
8.768110356292078134e-01
6.060283027962533042e-01
-2.136132909344613751e+00
-3.618108486135560575e-01
-3.922101252766224677e-01
-7.038253891344448121e-01
1.039449892188516911e+00
-1.673806857281941118e+00
-2.800327538777326986e+00
-4.603957892497699822e-01
7.174255365805952689e-01
-1.655345285520214704e-01
-6.354945101957321096e-01
1.974560803038139190e+00
-6.700465369126344939e-01
1.020314808672278195e+00
8.853230722381798534e-01
9.291977582820504233e-01
1.047648999472304832e+00
1.178896879529760300e+00
1.294441615532034184e+00
1.487439024044806990e+00
2.690384919777394579e+00
7.187588514692607733e-01
3.802358771121170822e+00
1.973823165659109646e+00
1.586876449193282079e+00
1.547819204929632431e+00
-1.327232691486025074e+00
9.373605680839541821e-01
1.266456516909153063e+00
1.316824112085350551e+00
1.608684475367316402e+00
1.243495691104149037e+00
9.696352874214206885e-01
-8.420993137002255602e-02
-1.305738620742744049e-02
-5.909038441834880695e-01
-8.832897471042169268e-01
4.084717267151341535e-02
2.529132887023430309e-02
-1.070168941990378375e+00
5.002987437713773966e-01
7.233602034341690690e-01
1.159612819109511861e+00
1.838440466175268240e+00
1.010540708445191838e+00
5.570182914019873310e-01
1.795481163022454307e+00
9.143621433907260787e-01
5.278844297466442903e-01
-5.393230557523079893e-01
1.734963919360188012e+00
6.622961498078446807e-01
6.504909025078899898e-01
1.382878365501589935e+00
1.102648005209459159e+00
1.945133154425646937e+00
1.113222832589327860e-02
-1.157410796750833137e+00
-2.212406435221422107e+00
-4.835630980657658062e-01
-1.340098636067352134e+00
-9.155959781813760578e-01
2.174387619628841861e+00
1.465794625839467458e-01
-5.380963186811191235e-02
-3.684545613776738504e-01
-3.684545613776738504e-01
5.736175547819173381e-01
5.736175547819173381e-01
-9.551488178684189867e-01
2.519691797825196478e-01
1.814714999966332287e-01
1.055790218535345992e-01
-3.809749525336264542e-02
1.505193174894622343e-01
-1.368728857045262037e+00
1.055790218535345992e-01
1.570851776524154308e+00
1.269727205227290545e+00
2.250933218077598497e+00
1.698251666427320172e+00
5.942010919440262606e-01
1.915146346929280874e+00
8.593474546001033110e-01
1.761569126472864344e+00
9.288049280457157941e-01
1.856462784045942005e+00
1.674054338471517189e+00
-5.872549801515732915e-01
1.178884911483119025e+00
9.104321149177291295e-01
9.104321149177291295e-01
7.305246379829783976e-01
1.987983127754081036e-02
9.092920168382944146e-01
1.190439937155556072e+00
1.041386454883823420e+00
1.282710428837905869e+00
9.211836573322772503e-01
8.905441842951985487e-01
1.100009366787007226e+00
3.150637099616118708e-01
1.115459222591173694e+00
2.351485743617815150e+00
1.395513545903718233e+00
1.405330354638015367e+00
8.591181162666455817e-01
2.114030756462937699e+00
2.656715658028128146e+00
2.309487774435900143e+00
-1.484944373406460683e+00
-1.693743872677670126e+00
-1.001834064383122724e+00
-4.356964506380497149e+00
-4.775252691022661145e-01
-8.380767002462927717e-01
2.402404003988122483e+00
1.938541849412537710e+00
4.859240092899816954e-01
2.728711521342011892e+00
1.381521240342213463e+00
2.069537457457008678e+00
-1.457734549811520397e+00
-2.009765673383573148e+00
-7.135223640552473823e-01
-6.538136971804658915e-01
-3.457682522896748933e-01
-3.510176527180546291e-01
1.651832156874055046e+00
-1.236876990963658718e-01
-3.276587924537151419e+00
-8.048557198460437601e-01
2.944259804716976847e-02
-1.195673603118633688e+00
6.773429404247397478e-01
1.104431241774491257e+00
2.768100089639027317e+00
-1.337728011220753244e+00
1.829089685521765540e+00
-1.187977503839946714e+00
-8.490099864132509833e-01
-8.490099864132509833e-01
-6.047425797948497994e-01
8.528474514560649977e-01
-9.980403923861511095e-02
1.141394704160570761e+00
2.944752698135935098e-01
2.844524916522718216e-01
2.470879447900057591e-01
1.095668722112176585e+00
8.510670120401747640e-01
1.562034091509865996e-01
-5.158823941226745591e-01
-2.375691510920056315e-01
-3.128564915886352660e-01
-5.045543250073167840e-01
4.818475710024424652e-01
7.796130060700745545e-01
-3.462041525633440475e+00
-9.184540534413175861e-01
-5.583943235978106046e-01
-2.512641134288253753e-01
-4.684551566258186917e+00
-2.045984745712611519e-01
-1.719562565622839989e-01
-1.965328309149504127e-01
4.824716794941581455e-01
1.036538882866810507e+00
3.785182095685828418e-01
1.318454051433357366e+00
1.485806641871135980e+00
1.226892207630271070e+00
5.134910325685875243e-01
6.987966033063568450e-01
1.551457206981508463e+00
7.904970997569689128e-01
1.208242764815053993e+00
7.187888792182797193e-01
9.194082967388997885e-01
1.490653715696057313e+00
9.631373119077936140e-01
1.216949908539857739e-01
-1.799303329239436922e+00
-3.167223017524828377e-01
-2.634170969275676288e+00
3.097236563201442028e-01
-8.209775438500586109e-01
-3.692978060259572981e-01
4.821734531297936499e-01
1.124256168480887386e+00
1.246459721176277569e+00
1.291935998821172271e+00
-3.184369506630796431e-01
-2.485415024483007274e-01
4.110568476173581676e-01
-3.496257684182003667e-01
-1.463357626251116983e+00
1.273112414765831535e-01
-6.014194024910374248e-01
6.750136371713512107e-01
1.953875245738260213e-01
-6.724419839262790743e-01
-4.380272132310362165e-01
-7.718508233158466458e-01
9.608303476841733026e-01
1.648598289657277061e+00
-7.969507860935820531e-01
-1.191543241751857884e+00
-2.558426348992631105e+00
-2.062536906863018604e+00
-1.501202426405941204e-01
-4.540790425248969475e-01
-8.301687918181555048e-01
4.085606929605759552e-01
5.160458596979871082e-01
-7.330729670544059440e-01
-2.243117978998528717e+00
-2.696138500262188487e+00
-5.723778393326709457e-01
-8.036963265061711770e-01
5.626646190907982903e-02
2.628875193618532169e+00
2.567300618563986170e+00
2.698180388713763200e+00
3.689397397219024155e-01
4.558689183272214285e-01
3.865892517672339102e-01
-7.399904399103676145e-01
-1.590891701339367303e+00
8.381419710892049069e-02
1.053470950522377825e+00
8.790660412383894950e-01
6.665038784337290467e-01
8.441014950728582544e-01
-6.507324226740026640e-01
8.059022437823195606e-01
2.217188706725444103e+00
2.344355741776524837e+00
2.349905089641206146e+00
2.457241727810269616e+00
1.634510118885969865e+00
1.634510118885969865e+00
1.921815610627571225e+00
1.616444338732569763e+00
2.683937721592927206e-01
2.051834857994845329e+00
2.698685290263089787e+00
3.240528944975958670e+00
3.049072573762328986e+00
2.903248848198545673e+00
4.799794152178866735e-01
3.741086828287581989e-03
-1.806913862751056976e-01
-6.350232548379387554e-01
1.157831137988066805e+00
-1.212373152542683519e+00
7.140257157849729808e-01
5.839708797999317857e-01
-1.367298053713771111e+00
-1.084291453537848393e-01
-6.570954258543744153e-01
-4.852149893471999764e-01
-7.288000942281702699e-01
1.570478458660858223e+00
-5.939019073515657832e-01
5.940748297689865121e-01
-3.045929903947584005e-01
-2.802979303259747201e-01
-5.352894860363174523e+00
1.058581241720452981e+00
1.183496514962216528e+00
5.074663803435954801e-01
9.113691929697024241e-01
-7.221822305190126468e-01
1.297987651344288729e+00
7.254402242401257750e-01
9.032295767404358022e-01
-2.314913678647357198e+00
1.645128502643218027e-01
-1.069329271219969346e+00
3.342246331005037652e-01
2.641100662879861116e-02
-1.981764833476949150e-01
1.086763446255119225e+00
-5.641497847993025561e-01
-5.641497847993025561e-01
1.391234679709007827e+00
9.250845540548889856e-01
-1.901159869311138007e+00
-1.122480794208342791e+00
1.009204055565046332e+00
2.225501483722375440e+00
1.581737859639226196e+00
1.494979862997729336e+00
8.009807878195077113e-02
-1.860489440116022963e-01
-3.940914344071828612e-01
-1.107284215550841777e+00
1.105253361946715751e+00
-5.145122410740327057e-01
1.527314801460742277e+00
-2.179570972881422986e+00
-2.328358978092516463e+00
1.631562304280501918e-01
-2.149072279903996296e+00
5.640559091387773449e-01
2.125801314610299697e-01
3.718233681697629134e-01
8.830865069301704340e-01
1.365613267054747615e+00
-6.842074202305517550e-02
3.831592040591832449e-01
1.077284546781793084e+00
-2.200615658939992503e-01
-1.219977152435387235e-01
9.847742284514673927e-02
-1.986111219277239825e-01
-1.986111219277239825e-01
4.112787035828450177e-01
1.320261907332632267e+00
-9.219341727224318328e-01
-9.056769409587828168e-01
-1.635226053730819418e+00
-1.704401615122592417e-01
-2.356310454483417638e-01
-1.888018782362469006e+00
2.795293253887936036e+00
-2.431227950694838380e-01
-1.812978891883339161e+00
-1.507064091394490768e-01
3.545179662780338692e+00
-1.334320635116516218e+00
-1.672948882973881668e+00
-8.342880922296325164e-01
-8.642775077502519165e-01
8.251564629048223631e-01
-2.752829241710499364e-01
-1.738503517852532987e+00
-1.754923173680980941e+00
-1.267209076817084723e+00
5.470762166140172855e-01
-1.840994593875515395e-01
-6.633078078193314076e-01
-9.345544876748376750e-02
-6.167599757051084319e-01
6.407041050348406541e-01
-8.510537491050853554e-01
1.958613371212129250e-01
-6.528573928339690413e-01
9.234858682047859535e-01
-5.910404199513853429e-01
-7.858057892921056498e-01
-1.670391118325742719e+00
-9.459651928491105699e-02
3.362803294264027354e+00
1.939631045065283610e+00
1.273203307141733409e-01
1.653028288770875820e+00
-1.399448498184711509e+00
9.251288009229523546e-01
6.029118552888151905e-01
7.167418507233225267e-01
2.959258294776990761e-01
4.003638251461274500e+00
3.928322376623583523e+00
3.645796536489155137e+00
-4.210429209083074720e-02
9.151233665780075244e-01
1.097381672724734747e+00
1.031005811199798394e+00
1.564712464005572290e+00
1.411717757990781363e+00
-1.081177229109988314e-01
-4.455200103619137986e-01
-5.972632043387712253e-01
5.112572275251582310e-01
5.814858858839434541e-01
-1.165780705025370123e+00
6.638205560206665856e-01
-5.164516379942089008e-01
4.530308790620313886e+00
-7.789852336507447905e-01
-1.059410392392220901e+00
-4.149280915868476249e-01
-1.068696545413089005e+00
-2.823431708951048780e+00
-7.400173555076416942e-02
-8.866870427636291963e-01
-5.645916546405608250e-01
-3.439183124202753739e-01
2.510704353635833108e+00
1.975001195126131259e+00
7.221133454754478098e-01
3.584181415545379945e-01
5.589473950416620207e-01
1.950944763006648153e-01
-9.179644276796695701e-01
-6.993266387885778146e-01
-1.422355547283773003e+00
-1.596065324785220518e+01
-2.652772295696625537e+00
5.324510734294444214e-01
7.687976195997175966e-01
7.188888142587482877e-01
9.571482184329083154e-01
1.962635880526888643e+00
-7.451081047722923900e-02
1.633439506576460087e-01
1.777503954967291078e+00
2.018262029909027699e+00
1.345661797780314917e+00
1.589541307461821651e+00
1.707944602666952028e+00
1.354769078239072666e+00
1.899538129562421629e+00
2.536556340871536808e+00
-2.595541080079451390e+00
-2.595541080079450946e+00
-2.224370866122320045e+00
-2.224370866122320045e+00
-1.762059903199185706e+00
-1.004609263079358161e+00
2.643432388687095846e-01
-5.836584794187181791e-01
-6.145572001600044798e-01
-1.031935320894234343e+00
-2.731322714880910496e+00
-1.780952785368299152e+00
6.602667706261322600e-01
-2.248842876418288839e+00
-2.665596907576659014e+00
-8.455908410171227851e-01
-8.690097047502795546e-02
-6.231307953116971277e-02
-1.054517139044800211e-01
2.067736423361127562e-01
-8.366771759120225083e-01
5.186311717977460933e-01
2.778721220934503577e-01
2.403587732151704903e-01
-7.100306321734878301e-01
-9.006618377657787944e-03
2.224358571670236595e-01
1.865305760275859592e+00
1.115573889192864876e-01
7.327808519813308052e-01
1.714865380171281539e-01
-4.991935653506154869e-02
-1.153015247345349437e+00
3.389333760979777732e-02
8.955040856490957824e-01
6.116724080033272282e-01
-5.156860314820932434e-01
-4.779542523858781866e-01
4.182219349032592071e-01
-2.740598023927434124e-01
-7.984534581832819500e-01
1.323749931242187650e+00
9.865927051083321908e-01
-1.779494496942171988e+00
-8.539155948289954834e-01
-8.539155948289954834e-01
3.476209732559891741e-01
1.154924607334160969e-01
8.028472315461147035e-01
7.352013657671875313e-01
5.639775953888871429e-01
1.366771571593399015e+00
2.261067169046016012e+00
1.412029671434316125e+00
1.184923041578483494e+00
1.008569610056374355e+00
-1.123672120262998730e-01
2.505175552572836750e+00
2.174503563685020069e+00
1.889182879032505147e+00
9.761054880918399457e-01
2.830177876336920750e+00
2.110745136199227101e+00
9.954528545269502038e-01
1.155360729929293395e+00
1.802786434605381904e+00
1.341088584861303445e+00
-5.949322224701178108e+00
-4.049318827067265758e+00
-1.582222271952219428e+00
-9.380152258505453089e-01
3.428135918482043687e-01
-4.084681865984388871e+00
-1.524152523065956499e+00
-3.638889127763603959e+00
1.892722096094927364e+00
-4.595042791411145799e-01
8.461188366274270678e-02
7.716919021741384110e-01
1.678477883739623477e+00
9.055474673169107147e-01
-1.490815843489502024e+00
-1.492409994298979026e+00
-1.736518706591842820e+00
5.074919274282427839e-01
-2.130099291385665616e-01
-2.236423733226945154e-01
1.448203844834038689e-01
4.513139449759059341e-01
-2.923529156612191260e-01
5.143567275674620909e-01
-1.340408239015175473e+00
-1.371445991404824261e+00
-1.040446645176442253e+00
-1.133745696547964865e+00
5.201619512456365779e-01
-3.487268073336594609e-01
-1.879074380889364237e-01
-5.220986474269170285e-01
6.666607630964859199e-01
-1.384676353919635838e+00
-3.692191799161447241e-01
1.056893855426084938e+00
8.571999225729238781e-01
4.728017915145624195e-02
-1.556976811346499068e-01
9.193386966150776107e-01
5.835602424317974934e-01
5.456183338777391700e-01
-4.150584669768331292e-01
3.952961134099616247e-01
-7.086298658626376534e-01
5.617922152491192089e-02
-3.316086789931388390e-01
-4.791154362382873400e-01
-4.148478905685896168e-01
-9.548924040932685875e-01
-3.609675678415850131e-01
-2.280025877097009157e-01
2.832342915206481626e-01
1.920437675863277405e-01
1.220701321617477353e+00
3.337527627441616573e-01
2.513270697008465948e+00
1.766409050240519862e+00
1.541297877520456439e+00
2.472116827595712607e+00
3.593734807118864172e+00
1.881436482503280605e-01
2.945462262455156299e-01
2.091527365418011541e+00
2.732819178643588032e+00
2.443767844445457360e+00
1.002978782401131141e+00
1.267583990311627939e+00
3.307679110224894803e+00
3.020743909456909737e+00
1.396934460698233460e+00
1.845693167455395800e+00
-5.477833346656982627e+00
3.728218096481763943e+00
-1.791124117954594253e+00
-1.791124117954594253e+00
-1.800701208076113558e+00
2.431963987775191072e+00
-1.338496405141156975e+00
-1.555000548354682488e+00
1.289094499299672514e-01
8.943218866359464725e-01
3.430150066151465005e+00
2.956603788745833516e-01
-9.290860261554448885e-01
-1.063496410557343896e+00
-3.055109566700069390e-01
7.698854527299682227e-01
5.455253030596377561e-01
-3.575403664613537869e-01
-6.186039723166707471e-01
1.390182420415707887e-01
-1.018144261482963886e+00
-1.287806901662684522e+00
-1.287806901662684522e+00
-1.042868599705807087e-01
-3.871169652478670398e-02
-8.564768086152011461e-01
-1.941721755362393109e+00
-2.907459521584472739e+00
-8.151772350455747107e-01
-8.151772350455747107e-01
-8.951568311721899152e-01
-8.951568311721899152e-01
-9.268487668426964587e-01
-9.268487668426964587e-01
-8.835719275787407012e-01
-8.835719275787407012e-01
-1.603103730677503114e+00
-9.680771171379075613e-01
-1.705132525505878849e-01
-1.705132525505878849e-01
-1.739470983422906902e-01
-1.739470983422906902e-01
-1.069165525106654080e+00
-3.552525727054376414e-01
8.483043855278570300e-01
1.494122421330427608e+00
5.334761060278832012e-01
5.391499218258740678e-01
2.800949827162340089e-01
-7.939286873205272932e-02
-1.245627698060430832e+00
-1.276657243724129698e+00
1.338151180053543943e+00
1.342952101113381813e+00
4.039423694292830769e-01
-1.488430721417028257e+00
6.958889920381358674e-02
-1.787768575034795748e-01
2.006281605843221794e+00
1.319988452770751719e+00
1.324058798886702082e+00
7.837068628495263978e-02
-7.818247475868033147e-01
9.895562815895048159e-01
1.779952394648125769e-01
9.495558535772313791e-01
6.494848187603278200e-01
9.547568513920567934e-01
6.548344165127216732e-01
9.162712740737152251e-01
-4.388041790603677827e-02
-4.140066345915600632e-01
-5.683650145473176929e-01
4.747153238771890660e-01
2.246033073173741013e+00
1.464058839871134277e+00
1.228250542782378218e+00
2.024011558037650538e+00
-8.871600370920448841e-02
1.383988896840068206e+00
2.153416012286588632e+00
1.436138021035173074e+00
-8.518382429318466231e-01
-5.402751613508823825e-01
5.947005077379426963e-01
9.519896718394533774e-01
3.739922230524771463e-01
3.020743909456909737e+00
2.732819178643588032e+00
2.038737215177860218e+00
1.083910056174839154e+00
1.802326218116920620e+00
1.716093854389869167e+00
2.198661664926125692e+00
1.060396012100450980e+00
8.455160493132051203e-01
1.817674724048286228e+00
1.537235189148361547e+00
-1.896785417809598195e+00
-6.829130635295181051e+00
5.878677798640410401e-01
7.431701530107424070e-01
-6.656573063404255808e-02
2.561549434146084825e-02
4.981379154981727120e-02
-2.007032690537799979e+00
-9.043798577389642324e-01
9.912895763572507346e-02
-5.316014788850927930e-01
-7.032955694400465640e-01
-1.393559428434208103e+00
-1.345389090925965592e+00
-5.944833641099421806e-01
-1.905669632572112859e-02
8.261393194570308962e-01
-7.985157327025789176e-01
-4.988770640970272008e-02
-1.642024433159548769e-01
8.681976873807095707e-01
8.576847024491215388e-01
-1.265727368290975985e+00
4.227882586900082451e-01
-4.909071809605453085e-01
1.469769262346733163e-01
-2.066693429374533597e+00
-1.674942766925444859e+00
-2.053085902168054755e+00
-1.848181504792633545e+00
-3.190976458893538537e-01
-4.563596422039235545e-01
-1.107939390072791574e-01
-1.107939390072791574e-01
8.418382340327519309e-01
-8.221564117314669740e-02
-1.440500000503049627e+01
2.139790936613581440e+00
-2.064337610765040409e+00
-2.064337610765040409e+00
2.484802367993641958e+00
1.368089320543866672e+00
-4.614179403088068954e-01
7.149392350868959412e-01
-4.778688975630391855e-01
1.373841411034424587e+00
-6.525534577568001815e-01
-5.943750831500367759e+00
4.085654725029008727e-01
-2.594082139147598554e+00
-2.359638786570189772e+00
6.853913077946011123e-01
5.626646190907982903e-02
5.626646190907982903e-02
-1.465016333571914187e+00
-4.980908011658512491e-01
-7.778516404257490580e-01
-7.778516404257490580e-01
-7.778516404257490580e-01
-1.759520979415522657e+00
-2.133466942033179325e+00
-2.063194478085900840e+00
-1.596911207917085740e+00
-2.879179911575258100e-01
7.560495858649119993e-01
1.336798233775950528e+00
4.653307337792692566e-01
1.752000830255381614e-01
1.496742241065018852e+00
-1.155939634572855201e+00
1.288197980861426339e+00
1.988901691900763158e+00
1.265458067985166801e+00
1.466029301310448063e-02
8.885033585590006444e-01
1.073698443309329120e-01
-3.065700133387370130e+00
3.673146463620755586e-01
5.353173782348245036e-01
-6.992289959202939720e-01
-2.833729051035043245e+00
-1.544980088523680406e+00
-1.081041912666274030e+00
-4.574905008435617981e-01
-6.726912632603994080e-01
-8.498985516377922655e-01
1.078640065666062187e+00
-2.685789704427436142e+00
-2.320066891897904604e+00
-6.068237455491681809e-02
-2.155337924465412502e+00
-4.948398200482210241e-01
-4.181288118521027108e+00
-8.657162421409401176e-01
-6.145475747006265976e-01
8.735364302295388628e-01
-5.036837955824845503e-01
-1.918200622729830274e+00
-1.918200622729830274e+00
-1.877754527296931153e+00
-5.866230987622821358e-01
-2.609685614043487645e-01
-1.172784443822121547e+00
-1.378201755620801716e+00
-6.294254600041994108e-01
-8.692401486288505730e-01
-8.692401486288501289e-01
-8.692401486288501289e-01
-1.063830531054173134e+00
-8.692401486288501289e-01
-6.249080859769571283e-01
-6.249080859769571283e-01
-6.249080859769571283e-01
-2.422247670953143306e+00
-2.384564650001214758e+00
-1.004142015841741342e+00
-1.639323546415350163e+00
-1.563239421100819648e-01
-3.731400854200241923e-01
-1.563239421100819648e-01
-1.563239421100819648e-01
-1.166970360694262521e+00
4.059475078991506281e-02
6.690348198023760018e-01
3.308455408682969834e-01
-2.501705171713489051e+00
-1.890500964278138962e+00
-1.517182980521140312e+00
-9.112975456390263185e-01
-1.524540931038597946e-01
6.789332792784145143e-01
-1.873287662032060874e+00
-2.039679740262384300e+00
-1.466584488894985716e+00
-2.220649521306650165e+00
-2.303904309499441361e+00
-6.845704925654544359e-01
-9.316043242192514340e-01
-1.669498999726910071e+00
-2.140625861895702198e-01
-1.056842287566914118e+00
-3.821437756533956343e-01
2.959717772997804142e-01
1.370104953757217692e-01
2.624853837555034541e-01
4.035336080252095448e-01
4.649066066492435478e-01
-8.141379078616577392e-01
-9.537520644625424593e-01
6.238800675358869841e-01
-9.842405463664364307e-01
-1.048924960711288934e+00
-1.965439089215898771e-01
-1.243637551452420498e+00
4.991497610150172903e-01
-7.767334024301217887e-01
-1.149580441594785674e+00
1.274588998233467052e+00
1.490269826550931542e+00
-2.158755675190930645e-01
1.055024756104930572e-01
9.117856571121440989e-01
7.705679186948821702e-01
1.401906871535607779e+00
1.559855741293543208e+00
1.949819596942183042e-01
1.034201384877683649e+00
6.443996905461123470e-01
7.330412160395792798e-01
1.142826178575909957e+00
5.432545055094645248e-01
1.196369397485837593e+00
2.829018245051510227e+00
-1.208567273300819478e+00
-9.106621261117474608e-01
-1.233554629724638030e+00
-8.825232235028974692e-01
-1.647082489213489875e+00
-1.097576466018892027e+00
-1.501326901906085087e+00
-5.248355229147277923e-01
1.311211065306263635e-01
-1.610659752667498446e-01
-1.998920352306169101e-01
-1.924048236866020833e-01
1.371264573292036104e+00
-3.143429798061098124e-01
5.047046924319976702e-01
4.640662492530440719e-01
2.206144790652982690e-01
-1.813230668603467821e+00
-3.101144626381321934e-02
-5.985862515183536514e-01
-9.374816366277373136e-01
-1.878213822764908558e+00
5.953763908480598221e-01
5.768564739741539604e-01
7.488057719904356313e-01
1.818403849241891079e-01
7.277101979875905124e-01
-9.685137787935310660e-01
-1.036612327451891913e+00
-5.795294114890782167e-01
-6.218812832314167816e-01
3.117739869010863196e-02
-9.765803978076247338e-01
6.048518869886954086e-01
-2.356735365282482675e-01
9.932575978104504211e-01
1.916653502480382576e+00
1.210012143620982528e+00
1.140339777810088107e+00
-3.178701892957780384e-01
5.432442621701618624e-01
4.059816495400611069e-01
-2.056880771886945070e+00
-7.222288624919058764e-01
-5.660613687663761384e-01
-4.875023613862649041e-01
-6.901025247283339992e-01
-1.691113690072535203e+00
-2.550176301017048619e-01
1.280158374835565382e+00
-2.531788662609795182e+00
-2.341856198239240239e-01
-8.335431905789012497e-01
-2.507924596001781525e-01
-4.479670205376754533e-01
-1.097073454693746897e-01
-1.394174805143589546e-01
-9.500690618652095631e-01
7.545716783008078465e-01
-5.368732632453928622e-01
2.304201965822885445e-01
9.354636537667035956e-01
4.230511869937667591e-01
7.823910881101385772e-01
-4.944264244624821947e-01
1.046647823335260519e+00
-1.898783835993725466e+00
7.211581304640154455e-01
-2.002402876853696390e-01
-1.893114385933349075e-01
-1.125569766273627925e+00
-5.058993058496317197e-01
7.534426220404306651e-01
-2.418809611405550619e+00
-9.027673771173733153e-02
6.545351282220406297e-01
-3.615615415422739343e-01
-6.373057514139763846e-01
-1.887972535231612625e-01
1.165421394172044378e+00
6.468370777426511731e-02
1.034399903457616343e+00
-1.929937272213298582e+00
-1.536795422648820519e+00
8.994154146546265438e-02
-1.454308694621361808e-02
1.082889197975488882e+00
9.582173076867820383e-01
7.880752555420103556e-02
-9.303144996160498392e-01
-9.303144996160498392e-01
2.491009317134488477e+00
3.220484286475362001e+00
2.704613152995925862e+00
-3.696750697774237260e+00
-1.235416173758547620e+00
-4.144215563308331518e+00
-2.090198177910432609e+00
-1.160127431516156937e+00
1.167069441905265625e+00
-6.090815116937398077e-01
-4.547565511870663713e-01
-1.138448984405852071e+00
-1.418748276926472540e+00
-2.204562149640591773e-01
-3.424853453764317157e-01
-6.024925816854607152e-01
-6.357945054451061839e-01
-3.973575715115823526e-01
3.578535105744515832e-01
3.062080198059812908e+00
2.127804633172999171e+00
2.214451590074222320e+00
-2.988600931224935642e-02
1.627961878678257923e+00
-1.233644432201197905e+00
1.426342774630914578e-01
6.463048398509785297e-01
2.619834452042940631e-01
1.338040215952865042e+00
-1.694728565988135038e+00
2.929245553839037175e-01
5.262738599969664088e-01
3.262267714382474093e-01
2.840368929621654992e-01
-1.054139523593936867e-01
1.962014779213403060e+00
3.630478174765889854e+00
-7.644266430433807047e-01
-6.654009799967591787e-01
-8.942325851971865136e-01
-1.279881274106780209e+00
-1.448887685851141915e+00
-5.730132462801577065e-01
-3.097629737207749479e+00
-1.844819421704857909e+00
-3.779155891373033427e+00
-6.366408680901425310e-01
-3.290871246232534908e+00
7.380413414049536991e-01
4.027758865813637623e-01
1.276161967718500101e+00
8.686480090463796211e-01
1.403388449373991875e+00
-7.094597316551058963e-01
-3.648047473301698762e-01
-6.934310256710101150e-01
-2.640829789054143228e-01
-7.745997777964977460e-02
-4.099679345466280544e-01
-6.902897542730845881e-01
-7.548791100759867367e-01
4.158021896363113257e-01
-1.459743928090977860e+00
1.385456325930589871e+00
7.018504122475294205e-01
4.204365896349769871e-01
-4.043688448404600400e-02
3.569994902270671178e-01
-1.030729688314435011e+00
-3.255253252605189385e+00
6.214841629375794652e-01
-1.268764270897336122e+00
-1.315914110923326108e+00
-3.581286467682035290e+00
-2.438773457350284168e+00
-1.125274151849695148e+00
-5.986044923893952818e-01
-9.725654822425754409e-01
-1.519214510305174182e+00
-1.118299166588788252e+00
-8.684642554141764892e-01
-3.417038444097978633e+00
-1.867856479271842174e+00
1.661080514597264690e+00
-5.186918803751547902e-01
-1.674724423932294703e+00
2.355566531646524076e-01
-1.533743189851187294e+00
-2.172445146006457772e+00
-2.003754972367087106e+00
-5.341357542225118049e-01
4.076676481717415035e-01
-3.416240788401951889e-01
5.245233428002314957e-01
-1.242908501344937244e+00
2.481445690569741735e+00
-6.112933489559014832e-01
-8.424658564526094073e-01
2.595062318625801723e+00
1.338184258086257516e+00
1.641304687047164812e+00
1.467105858635380677e+00
6.410135991676583211e-01
-1.179106391630920125e+00
3.827185723397000805e-01
6.216157694780927168e-03
-4.300186023419223513e-01
-4.869455554216995941e-01
3.951509728997667503e-01
2.564809859930970992e-01
-1.009935228010915065e+00
-1.602703226187667696e+00
1.123122365021029356e+00
5.949419746118441710e-01
-1.167762338321574234e+01
1.683233230914145562e+00
1.257475563784417272e+00
-5.818963978445051977e-01
-3.562162199606837554e-01
1.438826304800489286e-01
3.052528210641969331e+00
3.048928223097805201e+00
-2.504337549510595728e+00
-2.532216595493304467e+00
-1.754194566113449705e+00
2.075000016431311156e+00
2.172271179239743333e+00
1.413643332588085277e+00
1.972295456037030936e+00
1.899939372161576712e+00
1.957594511832403628e+00
1.244126858497433208e+00
1.154924607334160969e-01
-1.203702666969374002e+00
5.936611983255918323e-01
1.022505088283064412e+00
2.454131547367004451e+00
7.352013657671875313e-01
1.412029671434316125e+00
1.184923041578483494e+00
-1.434470398433383975e+00
9.954528545269502038e-01
1.541212386996218875e+00
-2.484749340658468919e-01
-5.104185281379183259e-01
-5.104185281379183259e-01
4.347413460431434062e-01
-3.086378709622444871e-01
-4.806269690266893324e-01
-3.987684950784879945e-01
-3.987684950784879945e-01
2.115943507214405050e-01
2.894129677190308003e-01
-2.487670184390342321e-01
-2.643147745734616416e-01
1.234748255584742660e+00
1.924240567297450299e+00
1.364686037030446331e+00
1.305454694276079852e+00
1.629562488239788332e+00
1.463787673037369341e+00
7.246699664875382307e-01
5.932401276480435692e-01
1.550293286603797283e+00
1.347617235965542726e+00
8.859163985818250264e-01
-9.992305131968383103e-01
5.229639559537286875e-01
5.229639559537286875e-01
2.687406439760309795e-01
8.504870748263819724e-01
5.527555150649594573e-01
5.527555150649594573e-01
4.997937928038422850e-01
4.977800614286567171e-01
-6.858162873686146632e-02
7.781927202453070569e-01
7.470689264737074842e-01
8.175419141314242966e-01
1.055562143543145037e+00
1.027305976310359359e+00
1.818871090534226242e+00
3.593734807118864172e+00
2.451415256360510941e+00
-3.702131130895750522e-01
-2.130964604381195837e+00
-5.411496858166281454e-01
-5.279392705307104805e+00
-6.853431425428332391e-01
2.025861717757666269e-01
-6.154349116067939773e-01
2.503420006003602705e-01
2.131843890086027316e-01
1.027547745689887659e-01
1.027547745689887659e-01
-9.247153011828356250e-01
-3.754670222325152684e-01
-5.976797413322653130e-01
-8.021145724724295656e-01
-8.494624281858570436e-01
-7.888129863138803044e-01
-1.017687487060228602e+00
-6.584034565708269948e-01
-6.901476126805535793e-01
8.861402877690573998e-01
1.590456446774710875e+00
1.021716237134483229e+00
-7.901425807952899838e-01
-2.871675396825552617e-01
7.668242320367682496e-02
8.128266572082424313e-01
1.343471856110506568e+00
1.162699068926531742e+00
3.926779853225658146e-01
2.448194166281318362e-01
1.238616704278292735e+00
1.010606147310261882e+00
-1.008905922465392457e+00
1.106638369875491967e-01
-1.667218224751771727e+00
1.030653489609731355e-01
1.640650168026629718e-01
3.550840581072134405e-02
1.024925087300052884e-01
-6.597840653797590882e-01
-4.771030126327709953e-01
-6.778597017713184902e-01
3.926306137971068422e-01
1.484896575482387848e-01
2.854918853254208022e-01
-9.969930973034243915e-02
7.050455210537144302e-01
-1.252867362893382575e-01
1.339908848255432883e+00
5.257799030562073650e-01
8.023081647878939071e-01
8.664449130788630660e-01
1.521290156555177076e+00
2.065604257730288662e+00
1.168574513545284077e+00
1.849435117271798878e+00
6.585967327809214567e-01
1.992535728253478799e+00
3.020743909456909737e+00
1.578159216243574470e+00
3.307679110224894803e+00
2.589303398193581796e+00
1.704878369332025967e+00
2.813461570882184404e+00
2.150176395685392539e+00
3.661936206056206622e+00
-5.620830509514829210e+00
-3.636133882202979839e-01
5.391557829770560195e-01
1.601432124937956392e+00
6.109927980844600537e-01
-6.090069714957688340e+00
-1.323087360439104820e+01
3.339665102386713436e+00
-1.014194048537439885e+00
-1.083242388276648871e+00
-7.195597692751076746e-01
-2.103963824696104268e-01
-5.520238554421617039e-01
9.431830388001515297e-01
-1.617847767255758518e+00
-1.503773994507279221e+00
-8.606651274160669329e-01
-8.606651274160669329e-01
-5.874186750550834946e-01
-2.284845220304134727e+00
-1.397180305899392572e+00
-1.289684896791176039e+00
-2.454637632789380131e-01
-4.710889970351295197e-01
5.980333687305477985e-01
1.783850969806100861e-01
1.459063325421344759e+00
1.506647007579074549e+00
1.883628095093563326e+00
-3.516872886998612113e-01
-3.987496039589868424e-01
-1.053555498517245725e+00
-1.223241308949148731e+00
-7.191883513121570815e-01
-4.643529733095523859e-01
-8.456498889069499203e-01
8.831355581896649376e-01
6.154004931893127806e-01
1.414812386342716666e+00
2.051717854422267173e+00
1.388354801753731049e+00
1.180538872385105797e+00
2.014136187731979000e+00
6.773227543660523264e-02
1.283699932102241759e+00
2.299884070351516208e+00
2.023949601281632482e+00
3.490652223198267845e-02
5.047304418009063154e-01
8.550657345641291540e-01
2.576222047439229446e+00
1.851114726347740769e+00
1.431602401791753687e+00
1.047993873942201448e+00
1.550473534662113240e+00
1.161299407413391105e+00
3.071668781998961872e-01
1.056029593872027661e+00
1.711852486547601471e+00
1.464156890394702648e+00
5.555600542248032570e-01
4.275295305760019593e-01
1.025569625532473772e+00
8.912822414462610032e-01
2.685033712187878674e-01
-5.667195489694371036e-01
9.338487384638437527e-01
1.613654361094798428e+00
4.244374041702265732e-01
7.639476097516517683e-01
1.442626811327840430e+00
4.789723486264352292e-01
1.174796096683959457e+00
1.159527108562374842e-02
6.532742441639340925e-01
4.073670254425074688e-01
6.955441644965607573e-01
-1.939710837608183691e-01
4.468788199764363034e-01
3.988738695745458473e-01
-9.728540954640180205e-02
6.566998038184185260e-01
-3.161286097705143239e-02
1.060005469728521943e+00
4.759200919741419789e-01
1.173074027071030478e+00
5.590444431097577604e-01
1.971386327617865863e-01
1.971386327617865863e-01
8.932843874873138690e-01
1.209328451018807149e+00
1.029867877450173719e+00
8.032702153141794144e-01
1.480024076002105948e+00
2.299955983896686540e+00
3.922777087893778436e-01
2.310582594892076624e+00
1.346082881498277262e+00
1.216604322652970582e+00
2.001017721539707583e+00
1.762181625563697951e+00
-7.484009062340510332e-02
-2.337114273967063893e-01
-1.114275945567833270e+00
-1.720916571469995437e+00
5.497180242968552344e-03
2.374945464439368159e+00
2.026537902059982965e+00
2.828187152024304041e+00
-7.779898710279442575e-01
-1.509866377069434273e+00
-1.509866377069434273e+00
-1.643134906386046756e+00
-1.643134906386046756e+00
-1.509866377069434273e+00
-2.615634774852926281e+00
-2.842005848834003423e+00
-6.869929404378622984e-01
7.786131213571575449e-01
-5.301822322459982528e-01
-9.813703943368260463e-01
-2.320031900124806423e+00
-6.479516478189473183e-01
-6.479516478189473183e-01
-1.305944404711921747e+00
-5.844678472314682738e-01
-2.459575758970422577e+00
1.095879981716157747e+00
-1.418612161249597658e+00
-3.941132918273345664e-01
1.325262414166490377e+00
3.890702028941434021e-02
-2.055392531400193346e-01
-1.608565985149962740e+00
1.136788643744573779e+00
-1.448880497852680360e+00
7.926101473927157359e-01
1.678529103989277738e-02
-2.307648701912826894e+00
6.697549651949483707e-01
-1.401556545917109542e+00
9.589903399377365245e-01
-7.475987877367151757e-01
-7.162342390127905967e-01
6.643757997739083709e-01
-1.497169572851651198e+00
-4.237745146912309524e-01
-4.446607939205192706e-01
-5.439626507642030262e-01
1.419664452380029918e+00
-1.380542827652550819e-01
-5.317699689164968602e-01
1.905985203283176110e+00
-8.783221207553516541e-01
-6.111678072865665001e-01
6.590673564998706935e-01
5.999875327586964291e-01
1.404933656112948404e+00
1.358320481295374194e+00
4.517733330698080474e-01
3.590178830299086687e-01
1.627484916574818696e-01
5.702737515604386354e-02
1.273312839264068907e+00
1.184976827011068767e+00
-1.056937953877054470e+00
1.259796096229977902e+00
2.400166352667838510e+00
2.353166272869597897e+00
-1.935948265738240970e-02
-2.722971912564419172e-01
-1.613140864664344587e+00
-2.064802121049901018e+00
3.846390849241380083e-01
3.787851760467726425e-01
1.512343560266155018e+00
1.210860065699556065e+00
1.143347592520785438e+00
-1.700932050426654740e+00
-1.007291605705245008e+00
-1.042263209636829613e+00
-1.450196910476088397e-01
-1.111426260631361573e-01
-2.343940005913020264e-01
-2.433917906295156808e+00
-3.976651637995315403e-01
-1.559212662479910472e-01
2.106460559602997940e+00
1.810670043935955098e+00
1.755282387212458550e+00
1.172051957109011111e+00
1.218267804466442339e+00
1.338968565645288766e+00
1.427287946088653170e+00
2.112072861299622295e-01
1.169310915157554698e+00
1.116656375283990643e+00
7.667463892813169979e-03
-9.085096592987060293e-02
-1.742292536431110095e-01
-1.843745515799458945e-01
8.801272883510017353e-01
8.156475347066999282e-01
8.763021471202693258e-01
1.800092524526112348e+00
1.792587086479331127e-01
-4.304297353258701442e-01
-2.190466948276368342e+00
-1.141554692458572329e-01
-1.497090636737913039e-01
8.468515759939495569e-01
5.053929981236916502e-01
7.687553391938254377e-01
4.048613186437266531e-01
-2.748327973566594640e+00
-1.774839977754006926e+00
-1.240972224815664049e+00
-9.598856674791452770e-01
-5.980294013990239410e-01
-1.460946702886427584e+00
-8.181477542849020512e-01
-1.377126701880622139e+00
-9.560895131155483506e-01
-4.250907574268136813e-01
-2.109994749963400196e+00
-4.454620778059275032e+00
-2.091022311966067804e+00
-1.321396351675825587e+00
1.114766556176010726e+00
-1.508635070813580947e+00
7.288102723653607784e-01
8.351276446679830601e-01
1.196692944104410072e+00
-5.446677168136411673e+00
-7.908433397771011397e-02
-1.401679913992881221e-01
4.068457357086404658e-01
7.206179704674664510e-01
1.075961940216168644e+00
8.510437589988272267e-01
-4.425540666577522098e-01
1.752805775493002205e+00
6.664513420664880394e-01
1.200957266884627561e+00
-2.520165440227008613e+00
2.539455917734431134e-01
-1.069152143130266852e+00
-1.593571002872736342e+00
-2.101383792673812589e+00
-9.065423542741257723e-01
3.819413410930579955e-01
-1.026862604175255544e+00
-2.477711690569275760e+00
-1.042493914832034685e+00
-2.316500569732478920e-01
-3.592720941418127145e-01
-2.279809916877679310e+00
-4.143632485249688635e-01
5.786363384525133879e-01
6.887789386433325056e-01
1.066666940851281442e+00
-4.432543004695404854e+00
-5.947119867048033193e+00
3.885649293005957738e-02
-8.788076063256747839e-01
-7.894952403844271438e-02
-3.515913901856309032e-01
-3.515913901856309032e-01
-5.771958694503172005e-01
8.830370504255816155e-02
8.189800169851351175e-01
1.468635846019813673e+00
-4.561318169456593519e-02
-2.481293654494848955e+00
-2.211304467410119212e+00
-1.831547180141526177e+00
-2.225103587632859981e+00
-9.790153229181023375e-01
-6.595989259147440054e-01
4.011357797556355242e-01
4.011357797556355242e-01
-4.418452794069190892e-01
7.399873903117313301e-01
4.254157605684398824e-01
-8.212034912937647979e-01
-1.066608992943764767e+00
-4.477592274510971970e-01
-1.583783576389881931e-01
-4.131511404814934174e+00
1.177231618841361460e-01
-1.335259769211372960e-01
-6.529636990291567411e-01
-6.529636990291567411e-01
-3.143411001850915376e-01
-1.876045826448572151e-01
-6.529636990291567411e-01
7.757244347735994805e-02
7.740135365737508266e-01
5.118389706986604670e-01
1.478126880791345465e+00
-1.115510553958775741e+00
-2.830501680481510851e-01
7.888469729143546272e-02
9.201926237476901749e-01
6.727655602012286851e-01
1.503414726739630503e+00
2.840407446484739751e+00
2.313774749035390155e+00
1.845905201193545897e-01
-6.344099900224779987e-01
-1.190631849745551030e+00
-1.885577269752782170e+00
-6.076672797222645306e-01
8.276808571696667172e-02
-1.027815850862714653e+00
1.490655448458806376e+00
2.513852914539663752e-01
-2.479005550974494376e+00
1.865101647518441486e-01
-1.366749315158958478e+00
-5.461191777413409998e-01
-3.168450534814301278e+00
-2.490460630837146638e+00
1.063215012638591306e+00
1.077125811355013951e+00
-3.901257599233576290e-01
-1.395252926058589082e+00
-4.923445091841142096e-01
-1.652263936717354609e+00
-4.429284312091223974e-01
-2.299088425720385409e+00
4.351621671748957532e-01
3.323261110506138261e-01
3.887251606696167094e-01
-1.689664489971033356e+00
-1.229827183492004705e+00
-1.199497929855531941e+00
-2.484948021109250949e+00
1.250804693614691043e+00
1.802063970581895935e+00
-1.910056628418869584e+00
-1.206003539055686469e+00
-1.206003539055686469e+00
-1.802048533249840157e+00
-1.587946785215503531e-01
-2.530725481175102320e+00
6.203931780540149488e-01
7.935116095509128220e-01
-2.125295224191240173e+00
-2.734290140782368317e-01
1.428645305748130756e+00
-1.746592434060998178e+00
-1.491153070526561208e+00
1.177187293726315920e+00
2.531086449686866580e+00
2.768898491022867780e+00
2.753404922526511811e+00
8.016783122837126685e-01
1.978532527932085339e+00
1.949300035283605181e+00
2.371007585512658000e+00
-9.365335489723148887e-01
-2.455828639923971046e+00
-1.774812995419056960e-01
-1.732647632039202135e+00
-4.198354068100103031e-01
1.018161119557940975e+00
-3.746444063537691660e-01
2.507291792183420354e-01
-1.362905807463958174e+00
-1.812763515422365135e+00
4.732374646812725905e-01
6.024257763708055213e-01
-1.324877548077020295e+00
1.236658273623435778e-01
-1.772232456779095910e+00
-6.199532651132186878e-01
-6.740323473582873759e-02
6.631605727013554219e-01
8.244162898730444944e-01
5.025851986035956287e-01
4.612887107219351135e-01
1.897615241502886851e+00
9.425117129758854295e-01
2.200223134034819061e+00
2.056773241742493763e+00
1.362401156187113882e+00
2.158474805264138929e+00
1.279495870034361493e+00
1.278456368844288482e+00
1.274567398698701837e+00
1.437614369083897836e+00
1.526038887172762815e+00
1.871492662670938723e+00
2.407195821180638795e+00
1.958299417716981294e-01
-4.095818131813958596e-01
-1.141806059144088170e+00
-1.773018420183344768e+00
3.948527365685834400e-01
-2.753425931477724298e-01
-1.864981360420858270e+00
5.668780917944329367e-01
1.969228686916756621e-01
-4.293593166820616758e-02
-9.838944036676461335e-01
1.245122513225768446e-01
-1.325170188596690168e-01
1.240729907192316572e+00
6.389763867533497788e-01
4.039979460267121292e-01
4.827214925665149758e-01
-3.053236491944404829e+00
-2.338901510295652297e+00
-2.338901510295652297e+00
-2.737078652421395031e+00
-2.191676867761438441e+00
9.630483828608062957e-01
5.725133200687333446e-01
-1.273361461034212772e+00
-9.798297529080221002e-01
-2.597724515757096064e+00
-2.081376384262388690e+00
-6.605675943949494977e-01
-1.059446973959830007e+00
-2.293939147434334580e-02
-4.084038558257631069e-01
-6.167485529116480958e-01
7.899039216418054510e-01
9.657286985161311899e-01
8.803779955698526338e-01
9.208033104554113057e-01
9.731260790780439374e-01
-5.462254927944527161e+00
-1.744499365182792250e+00
5.750052021231064625e-01
4.425085547941415287e-01
-1.461893558683949601e-01
